-1000
15 -42 -443 -408 61 85 309 433 95 445 -102 222 49 -195 -344 -167 48 159 432 -482 265 -477 303 211 121 -189 -42 -215 -441 -495 110 -11 84 145 196 8 343 -108 -356 234 198 -123 -51 87 -463 -274 -160 394 -79 239 271 -430 -486 -151 322 -466 367 -448 -295 -500 211 19 14 83 -168 -206 -208 367 181 -461 -468 -69 -279 -324 -8 366 73 -170 17 -390 185 352 -345 426 71 420 -202 213 110 -207 84 493 98 -95 -38 94 133 135 -419 443 222 309 187 276 73 78 -431 -278 -71 -142 -373 56 -155 -329 112 -272 -253 -311 -88 451 463 167 360 441 417 -337 282 -348 -345 -186 -342 -132 104 -426 320 309 33 98 -499 407 -337 -497 -497 112 209 477 466 448 276 -344 486 184 -396 -495 -339 -472 -95 459 493 358 332 276 78 348 -116 -186 -2 26 94 -51 -393 -354 108 -359 244 178 -478 -412 3 -212 178 38 72 71 423 -169 -400 473 198 -411 -228 48 -338 -56 124 -402 252 80 64 219 -493 396 396 -91 9 -288 -283 -322 -150 217 -150 -9 -94 -438 -25 -174 -209 305 -120 -226 -237 250 -500 -111 -70 343 -423 497 181 369 499 -151 165 205 217 -301 -185 -115 245 -334 112 -278 298 314 -293 147 145 305 484 433 -3 135 -386 83 -12 -423 -232 141 164 461 27 221 231 -480 329 268 -431 123 -42 235 361 240 155 -212 -309 468 -257 467 410 26 -475 -332 99 365 -62 236 -383 -342 389 -343 -473 -233 405 181 479 78 313 77 49 -31 -212 -85 -294 -149 322 -481 -413 -214 -246 101 230 55 -180 255 90 -426 -211 140 186 -158 -239 -371 215 427 490 -385 -263 348 53 -61 -360 405 -277 -225 -456 -375 -355 -112 491 181 194 -403 -364 -175 397 483 -198 -274 496 62 -230 175 -114 -143 -232 257 243 318 259 246 130 1 139 -77 2 343 313 67 -463 -280 458 -203 -482 -466 213 195 -380 -150 -256 -18 -493 -266 -89 62 -432 -41 -495 -494 -179 438 -321 260 -387 -500 -334 -130 488 277 -246 462 -97 -55 209 -17 -81 262 -257 301 -149 286 -260 -169 -446 139 -323 -78 -414 409 -197 115 215 -21 -296 357 -209 -377 360 433 347 -490 405 51 -262 132 -251 360 275 -405 -367 -491 352 425 -299 132 73 -308 -215 83 182 82 -113 -6 -174 -315 192 -262 7 297 -230 472 -267 327 -315 104 -235 334 -280 -150 197 -14 -350 -42 -128 485 -366 301 -217 -234 156 -213 215 -169 395 449 -9 119 337 -400 -422 287 -36 243 -89 -373 130 167 -195 302 -109 26
-1000
-10 -9 -8 -7 -6 -5 -4 -3 -2 -1 0 1 2 3 4 5 6 7 8 9
-1000
-500 -450 -400 -350 -300 -250 -200 -150 -100 -50 0 50 100 150 200 250 300 350 400 450
-1000
10 9 8 7 6 5 4 3 2 1 0 -1 -2 -3 -4 -5 -6 -7 -8 -9
-1000
500 450 400 350 300 250 200 150 100 50 0 -50 -100 -150 -200 -250 -300 -350 -400 -450 -500
-1000
-500 -400 -300 -200 -100 0 100 200 300 400 -500 -400 -300 -200 -100 0 100 200 300 400
-1000
0 0 0 0 0 0 0 0 0 0 0 0 0 0 0 0 0 0 0 0 0 0 0 0 0 0 0 0 0 0 0 0 0 0 0 0 0 0 0 0 0 0 0 0 0 0 0 0 0 0 0 0 0 0 0 0 0 0 0 0 0 0 0 0 0 0 0 0 0 0 0 0 0 0 0 0 0 0 0 0 0 0 0 0 0 0 0 0 0 0 0 0 0 0 0 0 0 0 0 0 0 0 0 0 0 0 0 0 0 0 0 0 0 0 0 0 0 0 0 0 0 0 0 0 0 0 0 0 0 0 0 0 0 0 0 0 0 0 0 0 0 0 0 0 0 0 0 0 0 0 0 0 0 0 0 0 0 0 0 0 0 0 0 0 0 0 0 0 0 0 0 0 0 0 0 0 0 0 0 0 0 0 0 0 0 0 0 0 0 0 0 0 0 0 0 0 0 0 0 0 0 0 0 0 0 0 0 0 0 0 0 0 0 0 0 0 0 0 0 0 0 0 0 0 0 0 0 0 0 0 0 0 0 0 0 0 0 0 0 0 0 0 0 0 0 0 0 0 0 0 0 0 0 0 0 0 0 0 0 0 0 0 0 0 0 0 0 0 0 0 0 0 0 0 0 0 0 0 0 0 0 0 0 0 0 0 0 0 0 0 0 0 0 0 0 0 0 0 0 0 0 0 0 0 0 0 0 0 0 0 0 0 0 0 0 0 0 0 0 0 0 0 0 0 0 0 0 0 0 0 0 0 0 0 0 0 0 0 0 0 0 0 0 0 0 0 0 0 0 0 0 0 0 0 0 0 0 0 0 0 0 0 0 0 0 0 0 0 0 0 0 0 0 0 0 0 0 0 0 0 0 0 0 0 0 0 0 0 0 0 0 0 0 0 0 0 0 0 0 0 0 0 0 0 0 0 0 0 0 0 0 0 0 0 0 0 0 0 0 0 0 0 0 0 0 0 0 0 0 0 0 0 0 0 0 0 0 0 0 0 0 0 0 0 0 0 0 0 0 0 0 0 0 0 0 0 0 0 0 0 0 0 0 0 0 0 0 0 0 0 0 0 0 0 0 0 0 0 0 0 0 0 0 0 0 0 0 0 0 0 0 0 0 0 0 0 0 0 0 0
-1000
500 500 500 500 500 500 500 500 500 500 500 500 500 500 500 500 500 500 500 500 500 500 500 500 500 500 500 500 500 500 500 500 500 500 500 500 500 500 500 500 500 500 500 500 500 500 500 500 500 500 500 500 500 500 500 500 500 500 500 500 500 500 500 500 500 500 500 500 500 500 500 500 500 500 500 500 500 500 500 500 500 500 500 500 500 500 500 500 500 500 500 500 500 500 500 500 500 500 500 500 500 500 500 500 500 500 500 500 500 500 500 500 500 500 500 500 500 500 500 500 500 500 500 500 500 500 500 500 500 500 500 500 500 500 500 500 500 500 500 500 500 500 500 500 500 500 500 500 500 500 500 500 500 500 500 500 500 500 500 500 500 500 500 500 500 500 500 500 500 500 500 500 500 500 500 500 500 500 500 500 500 500 500 500 500 500 500 500 500 500 500 500 500 500 500 500 500 500 500 500 500 500 500 500 500 500 500 500 500 500 500 500 500 500 500 500 500 500 500 500 500 500 500 500 500 500 500 500 500 500 500 500 500 500 500 500 500 500 500 500 500 500 500 500 500 500 500 500 500 500 500 500 500 500 500 500 500 500 500 500 500 500 500 500 500 500 500 500 500 500 500 500 500 500 500 500 500 500 500 500 500 500 500 500 500 500 500 500 500 500 500 500 500 500 500 500 500 500 500 500 500 500 500 500 500 500 500 500 500 500 500 500 500 500 500 500 500 500 500 500 500 500 500 500 500 500 500 500 500 500 500 500 500 500 500 500 500 500 500 500 500 500 500 500 500 500 500 500 500 500 500 500 500 500 500 500 500 500 500 500 500 500 500 500 500 500 500 500 500 500 500 500 500 500 500 500 500 500 500 500 500 500 500 500 500 500 500 500 500 500 500 500 500 500 500 500 500 500 500 500 500 500 500 500 500 500 500 500 500 500 500 500 500 500 500 500 500 500 500 500 500 500 500 500 500 500 500 500 500 500 500 500 500 500 500 500 500 500 500 500 500 500 500 500 500 500 500 500 500 500 500 500 500 500 500 500 500 500 500 500 500 500 500 500 500 500 500 500 500 500 500 500 500 500 500 500 500 500 500 500 500 500 500 500 500 500 500 500 500 500 500 500 500 500 500 500 500 500 500 500
-1000
-500 -500 -500 -500 -500 -500 -500 -500 -500 -500 -500 -500 -500 -500 -500 -500 -500 -500 -500 -500 -500 -500 -500 -500 -500 -500 -500 -500 -500 -500 -500 -500 -500 -500 -500 -500 -500 -500 -500 -500 -500 -500 -500 -500 -500 -500 -500 -500 -500 -500 -500 -500 -500 -500 -500 -500 -500 -500 -500 -500 -500 -500 -500 -500 -500 -500 -500 -500 -500 -500 -500 -500 -500 -500 -500 -500 -500 -500 -500 -500 -500 -500 -500 -500 -500 -500 -500 -500 -500 -500 -500 -500 -500 -500 -500 -500 -500 -500 -500 -500 -500 -500 -500 -500 -500 -500 -500 -500 -500 -500 -500 -500 -500 -500 -500 -500 -500 -500 -500 -500 -500 -500 -500 -500 -500 -500 -500 -500 -500 -500 -500 -500 -500 -500 -500 -500 -500 -500 -500 -500 -500 -500 -500 -500 -500 -500 -500 -500 -500 -500 -500 -500 -500 -500 -500 -500 -500 -500 -500 -500 -500 -500 -500 -500 -500 -500 -500 -500 -500 -500 -500 -500 -500 -500 -500 -500 -500 -500 -500 -500 -500 -500 -500 -500 -500 -500 -500 -500 -500 -500 -500 -500 -500 -500 -500 -500 -500 -500 -500 -500 -500 -500 -500 -500 -500 -500 -500 -500 -500 -500 -500 -500 -500 -500 -500 -500 -500 -500 -500 -500 -500 -500 -500 -500 -500 -500 -500 -500 -500 -500 -500 -500 -500 -500 -500 -500 -500 -500 -500 -500 -500 -500 -500 -500 -500 -500 -500 -500 -500 -500 -500 -500 -500 -500 -500 -500 -500 -500 -500 -500 -500 -500 -500 -500 -500 -500 -500 -500 -500 -500 -500 -500 -500 -500 -500 -500 -500 -500 -500 -500 -500 -500 -500 -500 -500 -500 -500 -500 -500 -500 -500 -500 -500 -500 -500 -500 -500 -500 -500 -500 -500 -500 -500 -500 -500 -500 -500 -500 -500 -500 -500 -500 -500 -500 -500 -500 -500 -500 -500 -500 -500 -500 -500 -500 -500 -500 -500 -500 -500 -500 -500 -500 -500 -500 -500 -500 -500 -500 -500 -500 -500 -500 -500 -500 -500 -500 -500 -500 -500 -500 -500 -500 -500 -500 -500 -500 -500 -500 -500 -500 -500 -500 -500 -500 -500 -500 -500 -500 -500 -500 -500 -500 -500 -500 -500 -500 -500 -500 -500 -500 -500 -500 -500 -500 -500 -500 -500 -500 -500 -500 -500 -500 -500 -500 -500 -500 -500 -500 -500 -500 -500 -500 -500 -500 -500 -500 -500 -500 -500 -500 -500 -500 -500 -500 -500 -500 -500 -500 -500 -500 -500 -500 -500 -500 -500 -500 -500 -500 -500 -500 -500 -500 -500 -500 -500 -500 -500 -500 -500 -500 -500 -500 -500 -500 -500 -500 -500 -500 -500 -500 -500 -500 -500 -500 -500 -500 -500 -500 -500 -500 -500 -500 -500 -500 -500 -500 -500 -500 -500 -500 -500 -500 -500 -500 -500 -500 -500 -500 -500 -500 -500 -500 -500 -500 -500 -500 -500 -500 -500 -500 -500 -500 -500 -500 -500 -500 -500 -500 -500 -500
-500
15 -42 -443 -408 61 85 309 433 95 445 -102 222 49 -195 -344 -167 48 159 432 -482 265 -477 303 211 121 -189 -42 -215 -441 -495 110 -11 84 145 196 8 343 -108 -356 234 198 -123 -51 87 -463 -274 -160 394 -79 239 271 -430 -486 -151 322 -466 367 -448 -295 -500 211 19 14 83 -168 -206 -208 367 181 -461 -468 -69 -279 -324 -8 366 73 -170 17 -390 185 352 -345 426 71 420 -202 213 110 -207 84 493 98 -95 -38 94 133 135 -419 443 222 309 187 276 73 78 -431 -278 -71 -142 -373 56 -155 -329 112 -272 -253 -311 -88 451 463 167 360 441 417 -337 282 -348 -345 -186 -342 -132 104 -426 320 309 33 98 -499 407 -337 -497 -497 112 209 477 466 448 276 -344 486 184 -396 -495 -339 -472 -95 459 493 358 332 276 78 348 -116 -186 -2 26 94 -51 -393 -354 108 -359 244 178 -478 -412 3 -212 178 38 72 71 423 -169 -400 473 198 -411 -228 48 -338 -56 124 -402 252 80 64 219 -493 396 396 -91 9 -288 -283 -322 -150 217 -150 -9 -94 -438 -25 -174 -209 305 -120 -226 -237 250 -500 -111 -70 343 -423 497 181 369 499 -151 165 205 217 -301 -185 -115 245 -334 112 -278 298 314 -293 147 145 305 484 433 -3 135 -386 83 -12 -423 -232 141 164 461 27 221 231 -480 329 268 -431 123 -42 235 361 240 155 -212 -309 468 -257 467 410 26 -475 -332 99 365 -62 236 -383 -342 389 -343 -473 -233 405 181 479 78 313 77 49 -31 -212 -85 -294 -149 322 -481 -413 -214 -246 101 230 55 -180 255 90 -426 -211 140 186 -158 -239 -371 215 427 490 -385 -263 348 53 -61 -360 405 -277 -225 -456 -375 -355 -112 491 181 194 -403 -364 -175 397 483 -198 -274 496 62 -230 175 -114 -143 -232 257 243 318 259 246 130 1 139 -77 2 343 313 67 -463 -280 458 -203 -482 -466 213 195 -380 -150 -256 -18 -493 -266 -89 62 -432 -41 -495 -494 -179 438 -321 260 -387 -500 -334 -130 488 277 -246 462 -97 -55 209 -17 -81 262 -257 301 -149 286 -260 -169 -446 139 -323 -78 -414 409 -197 115 215 -21 -296 357 -209 -377 360 433 347 -490 405 51 -262 132 -251 360 275 -405 -367 -491 352 425 -299 132 73 -308 -215 83 182 82 -113 -6 -174 -315 192 -262 7 297 -230 472 -267 327 -315 104 -235 334 -280 -150 197 -14 -350 -42 -128 485 -366 301 -217 -234 156 -213 215 -169 395 449 -9 119 337 -400 -422 287 -36 243 -89 -373 130 167 -195 302 -109 26
-500
-10 -9 -8 -7 -6 -5 -4 -3 -2 -1 0 1 2 3 4 5 6 7 8 9
-500
-500 -450 -400 -350 -300 -250 -200 -150 -100 -50 0 50 100 150 200 250 300 350 400 450
-500
10 9 8 7 6 5 4 3 2 1 0 -1 -2 -3 -4 -5 -6 -7 -8 -9
-500
500 450 400 350 300 250 200 150 100 50 0 -50 -100 -150 -200 -250 -300 -350 -400 -450 -500
-500
-500 -400 -300 -200 -100 0 100 200 300 400 -500 -400 -300 -200 -100 0 100 200 300 400
-500
0 0 0 0 0 0 0 0 0 0 0 0 0 0 0 0 0 0 0 0 0 0 0 0 0 0 0 0 0 0 0 0 0 0 0 0 0 0 0 0 0 0 0 0 0 0 0 0 0 0 0 0 0 0 0 0 0 0 0 0 0 0 0 0 0 0 0 0 0 0 0 0 0 0 0 0 0 0 0 0 0 0 0 0 0 0 0 0 0 0 0 0 0 0 0 0 0 0 0 0 0 0 0 0 0 0 0 0 0 0 0 0 0 0 0 0 0 0 0 0 0 0 0 0 0 0 0 0 0 0 0 0 0 0 0 0 0 0 0 0 0 0 0 0 0 0 0 0 0 0 0 0 0 0 0 0 0 0 0 0 0 0 0 0 0 0 0 0 0 0 0 0 0 0 0 0 0 0 0 0 0 0 0 0 0 0 0 0 0 0 0 0 0 0 0 0 0 0 0 0 0 0 0 0 0 0 0 0 0 0 0 0 0 0 0 0 0 0 0 0 0 0 0 0 0 0 0 0 0 0 0 0 0 0 0 0 0 0 0 0 0 0 0 0 0 0 0 0 0 0 0 0 0 0 0 0 0 0 0 0 0 0 0 0 0 0 0 0 0 0 0 0 0 0 0 0 0 0 0 0 0 0 0 0 0 0 0 0 0 0 0 0 0 0 0 0 0 0 0 0 0 0 0 0 0 0 0 0 0 0 0 0 0 0 0 0 0 0 0 0 0 0 0 0 0 0 0 0 0 0 0 0 0 0 0 0 0 0 0 0 0 0 0 0 0 0 0 0 0 0 0 0 0 0 0 0 0 0 0 0 0 0 0 0 0 0 0 0 0 0 0 0 0 0 0 0 0 0 0 0 0 0 0 0 0 0 0 0 0 0 0 0 0 0 0 0 0 0 0 0 0 0 0 0 0 0 0 0 0 0 0 0 0 0 0 0 0 0 0 0 0 0 0 0 0 0 0 0 0 0 0 0 0 0 0 0 0 0 0 0 0 0 0 0 0 0 0 0 0 0 0 0 0 0 0 0 0 0 0 0 0 0 0 0 0 0 0 0 0 0 0 0 0 0 0 0 0 0 0 0 0 0 0 0 0 0 0 0 0 0 0 0 0 0 0 0 0 0 0 0
-500
500 500 500 500 500 500 500 500 500 500 500 500 500 500 500 500 500 500 500 500 500 500 500 500 500 500 500 500 500 500 500 500 500 500 500 500 500 500 500 500 500 500 500 500 500 500 500 500 500 500 500 500 500 500 500 500 500 500 500 500 500 500 500 500 500 500 500 500 500 500 500 500 500 500 500 500 500 500 500 500 500 500 500 500 500 500 500 500 500 500 500 500 500 500 500 500 500 500 500 500 500 500 500 500 500 500 500 500 500 500 500 500 500 500 500 500 500 500 500 500 500 500 500 500 500 500 500 500 500 500 500 500 500 500 500 500 500 500 500 500 500 500 500 500 500 500 500 500 500 500 500 500 500 500 500 500 500 500 500 500 500 500 500 500 500 500 500 500 500 500 500 500 500 500 500 500 500 500 500 500 500 500 500 500 500 500 500 500 500 500 500 500 500 500 500 500 500 500 500 500 500 500 500 500 500 500 500 500 500 500 500 500 500 500 500 500 500 500 500 500 500 500 500 500 500 500 500 500 500 500 500 500 500 500 500 500 500 500 500 500 500 500 500 500 500 500 500 500 500 500 500 500 500 500 500 500 500 500 500 500 500 500 500 500 500 500 500 500 500 500 500 500 500 500 500 500 500 500 500 500 500 500 500 500 500 500 500 500 500 500 500 500 500 500 500 500 500 500 500 500 500 500 500 500 500 500 500 500 500 500 500 500 500 500 500 500 500 500 500 500 500 500 500 500 500 500 500 500 500 500 500 500 500 500 500 500 500 500 500 500 500 500 500 500 500 500 500 500 500 500 500 500 500 500 500 500 500 500 500 500 500 500 500 500 500 500 500 500 500 500 500 500 500 500 500 500 500 500 500 500 500 500 500 500 500 500 500 500 500 500 500 500 500 500 500 500 500 500 500 500 500 500 500 500 500 500 500 500 500 500 500 500 500 500 500 500 500 500 500 500 500 500 500 500 500 500 500 500 500 500 500 500 500 500 500 500 500 500 500 500 500 500 500 500 500 500 500 500 500 500 500 500 500 500 500 500 500 500 500 500 500 500 500 500 500 500 500 500 500 500 500 500 500 500 500 500 500 500 500 500 500 500 500 500 500 500 500 500 500 500 500 500 500 500 500 500 500 500 500 500
-500
-500 -500 -500 -500 -500 -500 -500 -500 -500 -500 -500 -500 -500 -500 -500 -500 -500 -500 -500 -500 -500 -500 -500 -500 -500 -500 -500 -500 -500 -500 -500 -500 -500 -500 -500 -500 -500 -500 -500 -500 -500 -500 -500 -500 -500 -500 -500 -500 -500 -500 -500 -500 -500 -500 -500 -500 -500 -500 -500 -500 -500 -500 -500 -500 -500 -500 -500 -500 -500 -500 -500 -500 -500 -500 -500 -500 -500 -500 -500 -500 -500 -500 -500 -500 -500 -500 -500 -500 -500 -500 -500 -500 -500 -500 -500 -500 -500 -500 -500 -500 -500 -500 -500 -500 -500 -500 -500 -500 -500 -500 -500 -500 -500 -500 -500 -500 -500 -500 -500 -500 -500 -500 -500 -500 -500 -500 -500 -500 -500 -500 -500 -500 -500 -500 -500 -500 -500 -500 -500 -500 -500 -500 -500 -500 -500 -500 -500 -500 -500 -500 -500 -500 -500 -500 -500 -500 -500 -500 -500 -500 -500 -500 -500 -500 -500 -500 -500 -500 -500 -500 -500 -500 -500 -500 -500 -500 -500 -500 -500 -500 -500 -500 -500 -500 -500 -500 -500 -500 -500 -500 -500 -500 -500 -500 -500 -500 -500 -500 -500 -500 -500 -500 -500 -500 -500 -500 -500 -500 -500 -500 -500 -500 -500 -500 -500 -500 -500 -500 -500 -500 -500 -500 -500 -500 -500 -500 -500 -500 -500 -500 -500 -500 -500 -500 -500 -500 -500 -500 -500 -500 -500 -500 -500 -500 -500 -500 -500 -500 -500 -500 -500 -500 -500 -500 -500 -500 -500 -500 -500 -500 -500 -500 -500 -500 -500 -500 -500 -500 -500 -500 -500 -500 -500 -500 -500 -500 -500 -500 -500 -500 -500 -500 -500 -500 -500 -500 -500 -500 -500 -500 -500 -500 -500 -500 -500 -500 -500 -500 -500 -500 -500 -500 -500 -500 -500 -500 -500 -500 -500 -500 -500 -500 -500 -500 -500 -500 -500 -500 -500 -500 -500 -500 -500 -500 -500 -500 -500 -500 -500 -500 -500 -500 -500 -500 -500 -500 -500 -500 -500 -500 -500 -500 -500 -500 -500 -500 -500 -500 -500 -500 -500 -500 -500 -500 -500 -500 -500 -500 -500 -500 -500 -500 -500 -500 -500 -500 -500 -500 -500 -500 -500 -500 -500 -500 -500 -500 -500 -500 -500 -500 -500 -500 -500 -500 -500 -500 -500 -500 -500 -500 -500 -500 -500 -500 -500 -500 -500 -500 -500 -500 -500 -500 -500 -500 -500 -500 -500 -500 -500 -500 -500 -500 -500 -500 -500 -500 -500 -500 -500 -500 -500 -500 -500 -500 -500 -500 -500 -500 -500 -500 -500 -500 -500 -500 -500 -500 -500 -500 -500 -500 -500 -500 -500 -500 -500 -500 -500 -500 -500 -500 -500 -500 -500 -500 -500 -500 -500 -500 -500 -500 -500 -500 -500 -500 -500 -500 -500 -500 -500 -500 -500 -500 -500 -500 -500 -500 -500 -500 -500 -500 -500 -500 -500 -500 -500 -500 -500 -500 -500 -500 -500 -500 -500 -500 -500 -500 -500 -500 -500 -500
-10
15 -42 -443 -408 61 85 309 433 95 445 -102 222 49 -195 -344 -167 48 159 432 -482 265 -477 303 211 121 -189 -42 -215 -441 -495 110 -11 84 145 196 8 343 -108 -356 234 198 -123 -51 87 -463 -274 -160 394 -79 239 271 -430 -486 -151 322 -466 367 -448 -295 -500 211 19 14 83 -168 -206 -208 367 181 -461 -468 -69 -279 -324 -8 366 73 -170 17 -390 185 352 -345 426 71 420 -202 213 110 -207 84 493 98 -95 -38 94 133 135 -419 443 222 309 187 276 73 78 -431 -278 -71 -142 -373 56 -155 -329 112 -272 -253 -311 -88 451 463 167 360 441 417 -337 282 -348 -345 -186 -342 -132 104 -426 320 309 33 98 -499 407 -337 -497 -497 112 209 477 466 448 276 -344 486 184 -396 -495 -339 -472 -95 459 493 358 332 276 78 348 -116 -186 -2 26 94 -51 -393 -354 108 -359 244 178 -478 -412 3 -212 178 38 72 71 423 -169 -400 473 198 -411 -228 48 -338 -56 124 -402 252 80 64 219 -493 396 396 -91 9 -288 -283 -322 -150 217 -150 -9 -94 -438 -25 -174 -209 305 -120 -226 -237 250 -500 -111 -70 343 -423 497 181 369 499 -151 165 205 217 -301 -185 -115 245 -334 112 -278 298 314 -293 147 145 305 484 433 -3 135 -386 83 -12 -423 -232 141 164 461 27 221 231 -480 329 268 -431 123 -42 235 361 240 155 -212 -309 468 -257 467 410 26 -475 -332 99 365 -62 236 -383 -342 389 -343 -473 -233 405 181 479 78 313 77 49 -31 -212 -85 -294 -149 322 -481 -413 -214 -246 101 230 55 -180 255 90 -426 -211 140 186 -158 -239 -371 215 427 490 -385 -263 348 53 -61 -360 405 -277 -225 -456 -375 -355 -112 491 181 194 -403 -364 -175 397 483 -198 -274 496 62 -230 175 -114 -143 -232 257 243 318 259 246 130 1 139 -77 2 343 313 67 -463 -280 458 -203 -482 -466 213 195 -380 -150 -256 -18 -493 -266 -89 62 -432 -41 -495 -494 -179 438 -321 260 -387 -500 -334 -130 488 277 -246 462 -97 -55 209 -17 -81 262 -257 301 -149 286 -260 -169 -446 139 -323 -78 -414 409 -197 115 215 -21 -296 357 -209 -377 360 433 347 -490 405 51 -262 132 -251 360 275 -405 -367 -491 352 425 -299 132 73 -308 -215 83 182 82 -113 -6 -174 -315 192 -262 7 297 -230 472 -267 327 -315 104 -235 334 -280 -150 197 -14 -350 -42 -128 485 -366 301 -217 -234 156 -213 215 -169 395 449 -9 119 337 -400 -422 287 -36 243 -89 -373 130 167 -195 302 -109 26
-10
-10 -9 -8 -7 -6 -5 -4 -3 -2 -1 0 1 2 3 4 5 6 7 8 9
-10
-500 -450 -400 -350 -300 -250 -200 -150 -100 -50 0 50 100 150 200 250 300 350 400 450
-10
10 9 8 7 6 5 4 3 2 1 0 -1 -2 -3 -4 -5 -6 -7 -8 -9
-10
500 450 400 350 300 250 200 150 100 50 0 -50 -100 -150 -200 -250 -300 -350 -400 -450 -500
-10
-500 -400 -300 -200 -100 0 100 200 300 400 -500 -400 -300 -200 -100 0 100 200 300 400
-10
0 0 0 0 0 0 0 0 0 0 0 0 0 0 0 0 0 0 0 0 0 0 0 0 0 0 0 0 0 0 0 0 0 0 0 0 0 0 0 0 0 0 0 0 0 0 0 0 0 0 0 0 0 0 0 0 0 0 0 0 0 0 0 0 0 0 0 0 0 0 0 0 0 0 0 0 0 0 0 0 0 0 0 0 0 0 0 0 0 0 0 0 0 0 0 0 0 0 0 0 0 0 0 0 0 0 0 0 0 0 0 0 0 0 0 0 0 0 0 0 0 0 0 0 0 0 0 0 0 0 0 0 0 0 0 0 0 0 0 0 0 0 0 0 0 0 0 0 0 0 0 0 0 0 0 0 0 0 0 0 0 0 0 0 0 0 0 0 0 0 0 0 0 0 0 0 0 0 0 0 0 0 0 0 0 0 0 0 0 0 0 0 0 0 0 0 0 0 0 0 0 0 0 0 0 0 0 0 0 0 0 0 0 0 0 0 0 0 0 0 0 0 0 0 0 0 0 0 0 0 0 0 0 0 0 0 0 0 0 0 0 0 0 0 0 0 0 0 0 0 0 0 0 0 0 0 0 0 0 0 0 0 0 0 0 0 0 0 0 0 0 0 0 0 0 0 0 0 0 0 0 0 0 0 0 0 0 0 0 0 0 0 0 0 0 0 0 0 0 0 0 0 0 0 0 0 0 0 0 0 0 0 0 0 0 0 0 0 0 0 0 0 0 0 0 0 0 0 0 0 0 0 0 0 0 0 0 0 0 0 0 0 0 0 0 0 0 0 0 0 0 0 0 0 0 0 0 0 0 0 0 0 0 0 0 0 0 0 0 0 0 0 0 0 0 0 0 0 0 0 0 0 0 0 0 0 0 0 0 0 0 0 0 0 0 0 0 0 0 0 0 0 0 0 0 0 0 0 0 0 0 0 0 0 0 0 0 0 0 0 0 0 0 0 0 0 0 0 0 0 0 0 0 0 0 0 0 0 0 0 0 0 0 0 0 0 0 0 0 0 0 0 0 0 0 0 0 0 0 0 0 0 0 0 0 0 0 0 0 0 0 0 0 0 0 0 0 0 0 0 0 0 0 0 0 0 0 0 0 0 0 0 0 0 0 0 0 0 0 0
-10
500 500 500 500 500 500 500 500 500 500 500 500 500 500 500 500 500 500 500 500 500 500 500 500 500 500 500 500 500 500 500 500 500 500 500 500 500 500 500 500 500 500 500 500 500 500 500 500 500 500 500 500 500 500 500 500 500 500 500 500 500 500 500 500 500 500 500 500 500 500 500 500 500 500 500 500 500 500 500 500 500 500 500 500 500 500 500 500 500 500 500 500 500 500 500 500 500 500 500 500 500 500 500 500 500 500 500 500 500 500 500 500 500 500 500 500 500 500 500 500 500 500 500 500 500 500 500 500 500 500 500 500 500 500 500 500 500 500 500 500 500 500 500 500 500 500 500 500 500 500 500 500 500 500 500 500 500 500 500 500 500 500 500 500 500 500 500 500 500 500 500 500 500 500 500 500 500 500 500 500 500 500 500 500 500 500 500 500 500 500 500 500 500 500 500 500 500 500 500 500 500 500 500 500 500 500 500 500 500 500 500 500 500 500 500 500 500 500 500 500 500 500 500 500 500 500 500 500 500 500 500 500 500 500 500 500 500 500 500 500 500 500 500 500 500 500 500 500 500 500 500 500 500 500 500 500 500 500 500 500 500 500 500 500 500 500 500 500 500 500 500 500 500 500 500 500 500 500 500 500 500 500 500 500 500 500 500 500 500 500 500 500 500 500 500 500 500 500 500 500 500 500 500 500 500 500 500 500 500 500 500 500 500 500 500 500 500 500 500 500 500 500 500 500 500 500 500 500 500 500 500 500 500 500 500 500 500 500 500 500 500 500 500 500 500 500 500 500 500 500 500 500 500 500 500 500 500 500 500 500 500 500 500 500 500 500 500 500 500 500 500 500 500 500 500 500 500 500 500 500 500 500 500 500 500 500 500 500 500 500 500 500 500 500 500 500 500 500 500 500 500 500 500 500 500 500 500 500 500 500 500 500 500 500 500 500 500 500 500 500 500 500 500 500 500 500 500 500 500 500 500 500 500 500 500 500 500 500 500 500 500 500 500 500 500 500 500 500 500 500 500 500 500 500 500 500 500 500 500 500 500 500 500 500 500 500 500 500 500 500 500 500 500 500 500 500 500 500 500 500 500 500 500 500 500 500 500 500 500 500 500 500 500 500 500 500 500 500 500 500
-10
-500 -500 -500 -500 -500 -500 -500 -500 -500 -500 -500 -500 -500 -500 -500 -500 -500 -500 -500 -500 -500 -500 -500 -500 -500 -500 -500 -500 -500 -500 -500 -500 -500 -500 -500 -500 -500 -500 -500 -500 -500 -500 -500 -500 -500 -500 -500 -500 -500 -500 -500 -500 -500 -500 -500 -500 -500 -500 -500 -500 -500 -500 -500 -500 -500 -500 -500 -500 -500 -500 -500 -500 -500 -500 -500 -500 -500 -500 -500 -500 -500 -500 -500 -500 -500 -500 -500 -500 -500 -500 -500 -500 -500 -500 -500 -500 -500 -500 -500 -500 -500 -500 -500 -500 -500 -500 -500 -500 -500 -500 -500 -500 -500 -500 -500 -500 -500 -500 -500 -500 -500 -500 -500 -500 -500 -500 -500 -500 -500 -500 -500 -500 -500 -500 -500 -500 -500 -500 -500 -500 -500 -500 -500 -500 -500 -500 -500 -500 -500 -500 -500 -500 -500 -500 -500 -500 -500 -500 -500 -500 -500 -500 -500 -500 -500 -500 -500 -500 -500 -500 -500 -500 -500 -500 -500 -500 -500 -500 -500 -500 -500 -500 -500 -500 -500 -500 -500 -500 -500 -500 -500 -500 -500 -500 -500 -500 -500 -500 -500 -500 -500 -500 -500 -500 -500 -500 -500 -500 -500 -500 -500 -500 -500 -500 -500 -500 -500 -500 -500 -500 -500 -500 -500 -500 -500 -500 -500 -500 -500 -500 -500 -500 -500 -500 -500 -500 -500 -500 -500 -500 -500 -500 -500 -500 -500 -500 -500 -500 -500 -500 -500 -500 -500 -500 -500 -500 -500 -500 -500 -500 -500 -500 -500 -500 -500 -500 -500 -500 -500 -500 -500 -500 -500 -500 -500 -500 -500 -500 -500 -500 -500 -500 -500 -500 -500 -500 -500 -500 -500 -500 -500 -500 -500 -500 -500 -500 -500 -500 -500 -500 -500 -500 -500 -500 -500 -500 -500 -500 -500 -500 -500 -500 -500 -500 -500 -500 -500 -500 -500 -500 -500 -500 -500 -500 -500 -500 -500 -500 -500 -500 -500 -500 -500 -500 -500 -500 -500 -500 -500 -500 -500 -500 -500 -500 -500 -500 -500 -500 -500 -500 -500 -500 -500 -500 -500 -500 -500 -500 -500 -500 -500 -500 -500 -500 -500 -500 -500 -500 -500 -500 -500 -500 -500 -500 -500 -500 -500 -500 -500 -500 -500 -500 -500 -500 -500 -500 -500 -500 -500 -500 -500 -500 -500 -500 -500 -500 -500 -500 -500 -500 -500 -500 -500 -500 -500 -500 -500 -500 -500 -500 -500 -500 -500 -500 -500 -500 -500 -500 -500 -500 -500 -500 -500 -500 -500 -500 -500 -500 -500 -500 -500 -500 -500 -500 -500 -500 -500 -500 -500 -500 -500 -500 -500 -500 -500 -500 -500 -500 -500 -500 -500 -500 -500 -500 -500 -500 -500 -500 -500 -500 -500 -500 -500 -500 -500 -500 -500 -500 -500 -500 -500 -500 -500 -500 -500 -500 -500 -500 -500 -500 -500 -500 -500 -500 -500 -500 -500 -500 -500 -500 -500 -500 -500 -500 -500 -500 -500 -500 -500 -500
-1
15 -42 -443 -408 61 85 309 433 95 445 -102 222 49 -195 -344 -167 48 159 432 -482 265 -477 303 211 121 -189 -42 -215 -441 -495 110 -11 84 145 196 8 343 -108 -356 234 198 -123 -51 87 -463 -274 -160 394 -79 239 271 -430 -486 -151 322 -466 367 -448 -295 -500 211 19 14 83 -168 -206 -208 367 181 -461 -468 -69 -279 -324 -8 366 73 -170 17 -390 185 352 -345 426 71 420 -202 213 110 -207 84 493 98 -95 -38 94 133 135 -419 443 222 309 187 276 73 78 -431 -278 -71 -142 -373 56 -155 -329 112 -272 -253 -311 -88 451 463 167 360 441 417 -337 282 -348 -345 -186 -342 -132 104 -426 320 309 33 98 -499 407 -337 -497 -497 112 209 477 466 448 276 -344 486 184 -396 -495 -339 -472 -95 459 493 358 332 276 78 348 -116 -186 -2 26 94 -51 -393 -354 108 -359 244 178 -478 -412 3 -212 178 38 72 71 423 -169 -400 473 198 -411 -228 48 -338 -56 124 -402 252 80 64 219 -493 396 396 -91 9 -288 -283 -322 -150 217 -150 -9 -94 -438 -25 -174 -209 305 -120 -226 -237 250 -500 -111 -70 343 -423 497 181 369 499 -151 165 205 217 -301 -185 -115 245 -334 112 -278 298 314 -293 147 145 305 484 433 -3 135 -386 83 -12 -423 -232 141 164 461 27 221 231 -480 329 268 -431 123 -42 235 361 240 155 -212 -309 468 -257 467 410 26 -475 -332 99 365 -62 236 -383 -342 389 -343 -473 -233 405 181 479 78 313 77 49 -31 -212 -85 -294 -149 322 -481 -413 -214 -246 101 230 55 -180 255 90 -426 -211 140 186 -158 -239 -371 215 427 490 -385 -263 348 53 -61 -360 405 -277 -225 -456 -375 -355 -112 491 181 194 -403 -364 -175 397 483 -198 -274 496 62 -230 175 -114 -143 -232 257 243 318 259 246 130 1 139 -77 2 343 313 67 -463 -280 458 -203 -482 -466 213 195 -380 -150 -256 -18 -493 -266 -89 62 -432 -41 -495 -494 -179 438 -321 260 -387 -500 -334 -130 488 277 -246 462 -97 -55 209 -17 -81 262 -257 301 -149 286 -260 -169 -446 139 -323 -78 -414 409 -197 115 215 -21 -296 357 -209 -377 360 433 347 -490 405 51 -262 132 -251 360 275 -405 -367 -491 352 425 -299 132 73 -308 -215 83 182 82 -113 -6 -174 -315 192 -262 7 297 -230 472 -267 327 -315 104 -235 334 -280 -150 197 -14 -350 -42 -128 485 -366 301 -217 -234 156 -213 215 -169 395 449 -9 119 337 -400 -422 287 -36 243 -89 -373 130 167 -195 302 -109 26
-1
-10 -9 -8 -7 -6 -5 -4 -3 -2 -1 0 1 2 3 4 5 6 7 8 9
-1
-500 -450 -400 -350 -300 -250 -200 -150 -100 -50 0 50 100 150 200 250 300 350 400 450
-1
10 9 8 7 6 5 4 3 2 1 0 -1 -2 -3 -4 -5 -6 -7 -8 -9
-1
500 450 400 350 300 250 200 150 100 50 0 -50 -100 -150 -200 -250 -300 -350 -400 -450 -500
-1
-500 -400 -300 -200 -100 0 100 200 300 400 -500 -400 -300 -200 -100 0 100 200 300 400
-1
0 0 0 0 0 0 0 0 0 0 0 0 0 0 0 0 0 0 0 0 0 0 0 0 0 0 0 0 0 0 0 0 0 0 0 0 0 0 0 0 0 0 0 0 0 0 0 0 0 0 0 0 0 0 0 0 0 0 0 0 0 0 0 0 0 0 0 0 0 0 0 0 0 0 0 0 0 0 0 0 0 0 0 0 0 0 0 0 0 0 0 0 0 0 0 0 0 0 0 0 0 0 0 0 0 0 0 0 0 0 0 0 0 0 0 0 0 0 0 0 0 0 0 0 0 0 0 0 0 0 0 0 0 0 0 0 0 0 0 0 0 0 0 0 0 0 0 0 0 0 0 0 0 0 0 0 0 0 0 0 0 0 0 0 0 0 0 0 0 0 0 0 0 0 0 0 0 0 0 0 0 0 0 0 0 0 0 0 0 0 0 0 0 0 0 0 0 0 0 0 0 0 0 0 0 0 0 0 0 0 0 0 0 0 0 0 0 0 0 0 0 0 0 0 0 0 0 0 0 0 0 0 0 0 0 0 0 0 0 0 0 0 0 0 0 0 0 0 0 0 0 0 0 0 0 0 0 0 0 0 0 0 0 0 0 0 0 0 0 0 0 0 0 0 0 0 0 0 0 0 0 0 0 0 0 0 0 0 0 0 0 0 0 0 0 0 0 0 0 0 0 0 0 0 0 0 0 0 0 0 0 0 0 0 0 0 0 0 0 0 0 0 0 0 0 0 0 0 0 0 0 0 0 0 0 0 0 0 0 0 0 0 0 0 0 0 0 0 0 0 0 0 0 0 0 0 0 0 0 0 0 0 0 0 0 0 0 0 0 0 0 0 0 0 0 0 0 0 0 0 0 0 0 0 0 0 0 0 0 0 0 0 0 0 0 0 0 0 0 0 0 0 0 0 0 0 0 0 0 0 0 0 0 0 0 0 0 0 0 0 0 0 0 0 0 0 0 0 0 0 0 0 0 0 0 0 0 0 0 0 0 0 0 0 0 0 0 0 0 0 0 0 0 0 0 0 0 0 0 0 0 0 0 0 0 0 0 0 0 0 0 0 0 0 0 0 0 0 0 0 0 0 0 0 0 0 0 0 0 0 0 0 0 0 0 0 0 0 0 0
-1
500 500 500 500 500 500 500 500 500 500 500 500 500 500 500 500 500 500 500 500 500 500 500 500 500 500 500 500 500 500 500 500 500 500 500 500 500 500 500 500 500 500 500 500 500 500 500 500 500 500 500 500 500 500 500 500 500 500 500 500 500 500 500 500 500 500 500 500 500 500 500 500 500 500 500 500 500 500 500 500 500 500 500 500 500 500 500 500 500 500 500 500 500 500 500 500 500 500 500 500 500 500 500 500 500 500 500 500 500 500 500 500 500 500 500 500 500 500 500 500 500 500 500 500 500 500 500 500 500 500 500 500 500 500 500 500 500 500 500 500 500 500 500 500 500 500 500 500 500 500 500 500 500 500 500 500 500 500 500 500 500 500 500 500 500 500 500 500 500 500 500 500 500 500 500 500 500 500 500 500 500 500 500 500 500 500 500 500 500 500 500 500 500 500 500 500 500 500 500 500 500 500 500 500 500 500 500 500 500 500 500 500 500 500 500 500 500 500 500 500 500 500 500 500 500 500 500 500 500 500 500 500 500 500 500 500 500 500 500 500 500 500 500 500 500 500 500 500 500 500 500 500 500 500 500 500 500 500 500 500 500 500 500 500 500 500 500 500 500 500 500 500 500 500 500 500 500 500 500 500 500 500 500 500 500 500 500 500 500 500 500 500 500 500 500 500 500 500 500 500 500 500 500 500 500 500 500 500 500 500 500 500 500 500 500 500 500 500 500 500 500 500 500 500 500 500 500 500 500 500 500 500 500 500 500 500 500 500 500 500 500 500 500 500 500 500 500 500 500 500 500 500 500 500 500 500 500 500 500 500 500 500 500 500 500 500 500 500 500 500 500 500 500 500 500 500 500 500 500 500 500 500 500 500 500 500 500 500 500 500 500 500 500 500 500 500 500 500 500 500 500 500 500 500 500 500 500 500 500 500 500 500 500 500 500 500 500 500 500 500 500 500 500 500 500 500 500 500 500 500 500 500 500 500 500 500 500 500 500 500 500 500 500 500 500 500 500 500 500 500 500 500 500 500 500 500 500 500 500 500 500 500 500 500 500 500 500 500 500 500 500 500 500 500 500 500 500 500 500 500 500 500 500 500 500 500 500 500 500 500 500 500 500 500 500 500 500 500 500 500
-1
-500 -500 -500 -500 -500 -500 -500 -500 -500 -500 -500 -500 -500 -500 -500 -500 -500 -500 -500 -500 -500 -500 -500 -500 -500 -500 -500 -500 -500 -500 -500 -500 -500 -500 -500 -500 -500 -500 -500 -500 -500 -500 -500 -500 -500 -500 -500 -500 -500 -500 -500 -500 -500 -500 -500 -500 -500 -500 -500 -500 -500 -500 -500 -500 -500 -500 -500 -500 -500 -500 -500 -500 -500 -500 -500 -500 -500 -500 -500 -500 -500 -500 -500 -500 -500 -500 -500 -500 -500 -500 -500 -500 -500 -500 -500 -500 -500 -500 -500 -500 -500 -500 -500 -500 -500 -500 -500 -500 -500 -500 -500 -500 -500 -500 -500 -500 -500 -500 -500 -500 -500 -500 -500 -500 -500 -500 -500 -500 -500 -500 -500 -500 -500 -500 -500 -500 -500 -500 -500 -500 -500 -500 -500 -500 -500 -500 -500 -500 -500 -500 -500 -500 -500 -500 -500 -500 -500 -500 -500 -500 -500 -500 -500 -500 -500 -500 -500 -500 -500 -500 -500 -500 -500 -500 -500 -500 -500 -500 -500 -500 -500 -500 -500 -500 -500 -500 -500 -500 -500 -500 -500 -500 -500 -500 -500 -500 -500 -500 -500 -500 -500 -500 -500 -500 -500 -500 -500 -500 -500 -500 -500 -500 -500 -500 -500 -500 -500 -500 -500 -500 -500 -500 -500 -500 -500 -500 -500 -500 -500 -500 -500 -500 -500 -500 -500 -500 -500 -500 -500 -500 -500 -500 -500 -500 -500 -500 -500 -500 -500 -500 -500 -500 -500 -500 -500 -500 -500 -500 -500 -500 -500 -500 -500 -500 -500 -500 -500 -500 -500 -500 -500 -500 -500 -500 -500 -500 -500 -500 -500 -500 -500 -500 -500 -500 -500 -500 -500 -500 -500 -500 -500 -500 -500 -500 -500 -500 -500 -500 -500 -500 -500 -500 -500 -500 -500 -500 -500 -500 -500 -500 -500 -500 -500 -500 -500 -500 -500 -500 -500 -500 -500 -500 -500 -500 -500 -500 -500 -500 -500 -500 -500 -500 -500 -500 -500 -500 -500 -500 -500 -500 -500 -500 -500 -500 -500 -500 -500 -500 -500 -500 -500 -500 -500 -500 -500 -500 -500 -500 -500 -500 -500 -500 -500 -500 -500 -500 -500 -500 -500 -500 -500 -500 -500 -500 -500 -500 -500 -500 -500 -500 -500 -500 -500 -500 -500 -500 -500 -500 -500 -500 -500 -500 -500 -500 -500 -500 -500 -500 -500 -500 -500 -500 -500 -500 -500 -500 -500 -500 -500 -500 -500 -500 -500 -500 -500 -500 -500 -500 -500 -500 -500 -500 -500 -500 -500 -500 -500 -500 -500 -500 -500 -500 -500 -500 -500 -500 -500 -500 -500 -500 -500 -500 -500 -500 -500 -500 -500 -500 -500 -500 -500 -500 -500 -500 -500 -500 -500 -500 -500 -500 -500 -500 -500 -500 -500 -500 -500 -500 -500 -500 -500 -500 -500 -500 -500 -500 -500 -500 -500 -500 -500 -500 -500 -500 -500 -500 -500 -500 -500 -500 -500 -500 -500 -500 -500 -500 -500 -500 -500 -500
0
15 -42 -443 -408 61 85 309 433 95 445 -102 222 49 -195 -344 -167 48 159 432 -482 265 -477 303 211 121 -189 -42 -215 -441 -495 110 -11 84 145 196 8 343 -108 -356 234 198 -123 -51 87 -463 -274 -160 394 -79 239 271 -430 -486 -151 322 -466 367 -448 -295 -500 211 19 14 83 -168 -206 -208 367 181 -461 -468 -69 -279 -324 -8 366 73 -170 17 -390 185 352 -345 426 71 420 -202 213 110 -207 84 493 98 -95 -38 94 133 135 -419 443 222 309 187 276 73 78 -431 -278 -71 -142 -373 56 -155 -329 112 -272 -253 -311 -88 451 463 167 360 441 417 -337 282 -348 -345 -186 -342 -132 104 -426 320 309 33 98 -499 407 -337 -497 -497 112 209 477 466 448 276 -344 486 184 -396 -495 -339 -472 -95 459 493 358 332 276 78 348 -116 -186 -2 26 94 -51 -393 -354 108 -359 244 178 -478 -412 3 -212 178 38 72 71 423 -169 -400 473 198 -411 -228 48 -338 -56 124 -402 252 80 64 219 -493 396 396 -91 9 -288 -283 -322 -150 217 -150 -9 -94 -438 -25 -174 -209 305 -120 -226 -237 250 -500 -111 -70 343 -423 497 181 369 499 -151 165 205 217 -301 -185 -115 245 -334 112 -278 298 314 -293 147 145 305 484 433 -3 135 -386 83 -12 -423 -232 141 164 461 27 221 231 -480 329 268 -431 123 -42 235 361 240 155 -212 -309 468 -257 467 410 26 -475 -332 99 365 -62 236 -383 -342 389 -343 -473 -233 405 181 479 78 313 77 49 -31 -212 -85 -294 -149 322 -481 -413 -214 -246 101 230 55 -180 255 90 -426 -211 140 186 -158 -239 -371 215 427 490 -385 -263 348 53 -61 -360 405 -277 -225 -456 -375 -355 -112 491 181 194 -403 -364 -175 397 483 -198 -274 496 62 -230 175 -114 -143 -232 257 243 318 259 246 130 1 139 -77 2 343 313 67 -463 -280 458 -203 -482 -466 213 195 -380 -150 -256 -18 -493 -266 -89 62 -432 -41 -495 -494 -179 438 -321 260 -387 -500 -334 -130 488 277 -246 462 -97 -55 209 -17 -81 262 -257 301 -149 286 -260 -169 -446 139 -323 -78 -414 409 -197 115 215 -21 -296 357 -209 -377 360 433 347 -490 405 51 -262 132 -251 360 275 -405 -367 -491 352 425 -299 132 73 -308 -215 83 182 82 -113 -6 -174 -315 192 -262 7 297 -230 472 -267 327 -315 104 -235 334 -280 -150 197 -14 -350 -42 -128 485 -366 301 -217 -234 156 -213 215 -169 395 449 -9 119 337 -400 -422 287 -36 243 -89 -373 130 167 -195 302 -109 26
0
-10 -9 -8 -7 -6 -5 -4 -3 -2 -1 0 1 2 3 4 5 6 7 8 9
0
-500 -450 -400 -350 -300 -250 -200 -150 -100 -50 0 50 100 150 200 250 300 350 400 450
0
10 9 8 7 6 5 4 3 2 1 0 -1 -2 -3 -4 -5 -6 -7 -8 -9
0
500 450 400 350 300 250 200 150 100 50 0 -50 -100 -150 -200 -250 -300 -350 -400 -450 -500
0
-500 -400 -300 -200 -100 0 100 200 300 400 -500 -400 -300 -200 -100 0 100 200 300 400
0
0 0 0 0 0 0 0 0 0 0 0 0 0 0 0 0 0 0 0 0 0 0 0 0 0 0 0 0 0 0 0 0 0 0 0 0 0 0 0 0 0 0 0 0 0 0 0 0 0 0 0 0 0 0 0 0 0 0 0 0 0 0 0 0 0 0 0 0 0 0 0 0 0 0 0 0 0 0 0 0 0 0 0 0 0 0 0 0 0 0 0 0 0 0 0 0 0 0 0 0 0 0 0 0 0 0 0 0 0 0 0 0 0 0 0 0 0 0 0 0 0 0 0 0 0 0 0 0 0 0 0 0 0 0 0 0 0 0 0 0 0 0 0 0 0 0 0 0 0 0 0 0 0 0 0 0 0 0 0 0 0 0 0 0 0 0 0 0 0 0 0 0 0 0 0 0 0 0 0 0 0 0 0 0 0 0 0 0 0 0 0 0 0 0 0 0 0 0 0 0 0 0 0 0 0 0 0 0 0 0 0 0 0 0 0 0 0 0 0 0 0 0 0 0 0 0 0 0 0 0 0 0 0 0 0 0 0 0 0 0 0 0 0 0 0 0 0 0 0 0 0 0 0 0 0 0 0 0 0 0 0 0 0 0 0 0 0 0 0 0 0 0 0 0 0 0 0 0 0 0 0 0 0 0 0 0 0 0 0 0 0 0 0 0 0 0 0 0 0 0 0 0 0 0 0 0 0 0 0 0 0 0 0 0 0 0 0 0 0 0 0 0 0 0 0 0 0 0 0 0 0 0 0 0 0 0 0 0 0 0 0 0 0 0 0 0 0 0 0 0 0 0 0 0 0 0 0 0 0 0 0 0 0 0 0 0 0 0 0 0 0 0 0 0 0 0 0 0 0 0 0 0 0 0 0 0 0 0 0 0 0 0 0 0 0 0 0 0 0 0 0 0 0 0 0 0 0 0 0 0 0 0 0 0 0 0 0 0 0 0 0 0 0 0 0 0 0 0 0 0 0 0 0 0 0 0 0 0 0 0 0 0 0 0 0 0 0 0 0 0 0 0 0 0 0 0 0 0 0 0 0 0 0 0 0 0 0 0 0 0 0 0 0 0 0 0 0 0 0 0 0 0 0 0 0 0 0 0 0 0 0 0 0 0 0 0 0 0 0 0
0
500 500 500 500 500 500 500 500 500 500 500 500 500 500 500 500 500 500 500 500 500 500 500 500 500 500 500 500 500 500 500 500 500 500 500 500 500 500 500 500 500 500 500 500 500 500 500 500 500 500 500 500 500 500 500 500 500 500 500 500 500 500 500 500 500 500 500 500 500 500 500 500 500 500 500 500 500 500 500 500 500 500 500 500 500 500 500 500 500 500 500 500 500 500 500 500 500 500 500 500 500 500 500 500 500 500 500 500 500 500 500 500 500 500 500 500 500 500 500 500 500 500 500 500 500 500 500 500 500 500 500 500 500 500 500 500 500 500 500 500 500 500 500 500 500 500 500 500 500 500 500 500 500 500 500 500 500 500 500 500 500 500 500 500 500 500 500 500 500 500 500 500 500 500 500 500 500 500 500 500 500 500 500 500 500 500 500 500 500 500 500 500 500 500 500 500 500 500 500 500 500 500 500 500 500 500 500 500 500 500 500 500 500 500 500 500 500 500 500 500 500 500 500 500 500 500 500 500 500 500 500 500 500 500 500 500 500 500 500 500 500 500 500 500 500 500 500 500 500 500 500 500 500 500 500 500 500 500 500 500 500 500 500 500 500 500 500 500 500 500 500 500 500 500 500 500 500 500 500 500 500 500 500 500 500 500 500 500 500 500 500 500 500 500 500 500 500 500 500 500 500 500 500 500 500 500 500 500 500 500 500 500 500 500 500 500 500 500 500 500 500 500 500 500 500 500 500 500 500 500 500 500 500 500 500 500 500 500 500 500 500 500 500 500 500 500 500 500 500 500 500 500 500 500 500 500 500 500 500 500 500 500 500 500 500 500 500 500 500 500 500 500 500 500 500 500 500 500 500 500 500 500 500 500 500 500 500 500 500 500 500 500 500 500 500 500 500 500 500 500 500 500 500 500 500 500 500 500 500 500 500 500 500 500 500 500 500 500 500 500 500 500 500 500 500 500 500 500 500 500 500 500 500 500 500 500 500 500 500 500 500 500 500 500 500 500 500 500 500 500 500 500 500 500 500 500 500 500 500 500 500 500 500 500 500 500 500 500 500 500 500 500 500 500 500 500 500 500 500 500 500 500 500 500 500 500 500 500 500 500 500 500 500 500 500 500 500 500 500 500
0
-500 -500 -500 -500 -500 -500 -500 -500 -500 -500 -500 -500 -500 -500 -500 -500 -500 -500 -500 -500 -500 -500 -500 -500 -500 -500 -500 -500 -500 -500 -500 -500 -500 -500 -500 -500 -500 -500 -500 -500 -500 -500 -500 -500 -500 -500 -500 -500 -500 -500 -500 -500 -500 -500 -500 -500 -500 -500 -500 -500 -500 -500 -500 -500 -500 -500 -500 -500 -500 -500 -500 -500 -500 -500 -500 -500 -500 -500 -500 -500 -500 -500 -500 -500 -500 -500 -500 -500 -500 -500 -500 -500 -500 -500 -500 -500 -500 -500 -500 -500 -500 -500 -500 -500 -500 -500 -500 -500 -500 -500 -500 -500 -500 -500 -500 -500 -500 -500 -500 -500 -500 -500 -500 -500 -500 -500 -500 -500 -500 -500 -500 -500 -500 -500 -500 -500 -500 -500 -500 -500 -500 -500 -500 -500 -500 -500 -500 -500 -500 -500 -500 -500 -500 -500 -500 -500 -500 -500 -500 -500 -500 -500 -500 -500 -500 -500 -500 -500 -500 -500 -500 -500 -500 -500 -500 -500 -500 -500 -500 -500 -500 -500 -500 -500 -500 -500 -500 -500 -500 -500 -500 -500 -500 -500 -500 -500 -500 -500 -500 -500 -500 -500 -500 -500 -500 -500 -500 -500 -500 -500 -500 -500 -500 -500 -500 -500 -500 -500 -500 -500 -500 -500 -500 -500 -500 -500 -500 -500 -500 -500 -500 -500 -500 -500 -500 -500 -500 -500 -500 -500 -500 -500 -500 -500 -500 -500 -500 -500 -500 -500 -500 -500 -500 -500 -500 -500 -500 -500 -500 -500 -500 -500 -500 -500 -500 -500 -500 -500 -500 -500 -500 -500 -500 -500 -500 -500 -500 -500 -500 -500 -500 -500 -500 -500 -500 -500 -500 -500 -500 -500 -500 -500 -500 -500 -500 -500 -500 -500 -500 -500 -500 -500 -500 -500 -500 -500 -500 -500 -500 -500 -500 -500 -500 -500 -500 -500 -500 -500 -500 -500 -500 -500 -500 -500 -500 -500 -500 -500 -500 -500 -500 -500 -500 -500 -500 -500 -500 -500 -500 -500 -500 -500 -500 -500 -500 -500 -500 -500 -500 -500 -500 -500 -500 -500 -500 -500 -500 -500 -500 -500 -500 -500 -500 -500 -500 -500 -500 -500 -500 -500 -500 -500 -500 -500 -500 -500 -500 -500 -500 -500 -500 -500 -500 -500 -500 -500 -500 -500 -500 -500 -500 -500 -500 -500 -500 -500 -500 -500 -500 -500 -500 -500 -500 -500 -500 -500 -500 -500 -500 -500 -500 -500 -500 -500 -500 -500 -500 -500 -500 -500 -500 -500 -500 -500 -500 -500 -500 -500 -500 -500 -500 -500 -500 -500 -500 -500 -500 -500 -500 -500 -500 -500 -500 -500 -500 -500 -500 -500 -500 -500 -500 -500 -500 -500 -500 -500 -500 -500 -500 -500 -500 -500 -500 -500 -500 -500 -500 -500 -500 -500 -500 -500 -500 -500 -500 -500 -500 -500 -500 -500 -500 -500 -500 -500 -500 -500 -500 -500 -500 -500 -500 -500 -500 -500 -500 -500 -500 -500 -500 -500
10
15 -42 -443 -408 61 85 309 433 95 445 -102 222 49 -195 -344 -167 48 159 432 -482 265 -477 303 211 121 -189 -42 -215 -441 -495 110 -11 84 145 196 8 343 -108 -356 234 198 -123 -51 87 -463 -274 -160 394 -79 239 271 -430 -486 -151 322 -466 367 -448 -295 -500 211 19 14 83 -168 -206 -208 367 181 -461 -468 -69 -279 -324 -8 366 73 -170 17 -390 185 352 -345 426 71 420 -202 213 110 -207 84 493 98 -95 -38 94 133 135 -419 443 222 309 187 276 73 78 -431 -278 -71 -142 -373 56 -155 -329 112 -272 -253 -311 -88 451 463 167 360 441 417 -337 282 -348 -345 -186 -342 -132 104 -426 320 309 33 98 -499 407 -337 -497 -497 112 209 477 466 448 276 -344 486 184 -396 -495 -339 -472 -95 459 493 358 332 276 78 348 -116 -186 -2 26 94 -51 -393 -354 108 -359 244 178 -478 -412 3 -212 178 38 72 71 423 -169 -400 473 198 -411 -228 48 -338 -56 124 -402 252 80 64 219 -493 396 396 -91 9 -288 -283 -322 -150 217 -150 -9 -94 -438 -25 -174 -209 305 -120 -226 -237 250 -500 -111 -70 343 -423 497 181 369 499 -151 165 205 217 -301 -185 -115 245 -334 112 -278 298 314 -293 147 145 305 484 433 -3 135 -386 83 -12 -423 -232 141 164 461 27 221 231 -480 329 268 -431 123 -42 235 361 240 155 -212 -309 468 -257 467 410 26 -475 -332 99 365 -62 236 -383 -342 389 -343 -473 -233 405 181 479 78 313 77 49 -31 -212 -85 -294 -149 322 -481 -413 -214 -246 101 230 55 -180 255 90 -426 -211 140 186 -158 -239 -371 215 427 490 -385 -263 348 53 -61 -360 405 -277 -225 -456 -375 -355 -112 491 181 194 -403 -364 -175 397 483 -198 -274 496 62 -230 175 -114 -143 -232 257 243 318 259 246 130 1 139 -77 2 343 313 67 -463 -280 458 -203 -482 -466 213 195 -380 -150 -256 -18 -493 -266 -89 62 -432 -41 -495 -494 -179 438 -321 260 -387 -500 -334 -130 488 277 -246 462 -97 -55 209 -17 -81 262 -257 301 -149 286 -260 -169 -446 139 -323 -78 -414 409 -197 115 215 -21 -296 357 -209 -377 360 433 347 -490 405 51 -262 132 -251 360 275 -405 -367 -491 352 425 -299 132 73 -308 -215 83 182 82 -113 -6 -174 -315 192 -262 7 297 -230 472 -267 327 -315 104 -235 334 -280 -150 197 -14 -350 -42 -128 485 -366 301 -217 -234 156 -213 215 -169 395 449 -9 119 337 -400 -422 287 -36 243 -89 -373 130 167 -195 302 -109 26
10
-10 -9 -8 -7 -6 -5 -4 -3 -2 -1 0 1 2 3 4 5 6 7 8 9
10
-500 -450 -400 -350 -300 -250 -200 -150 -100 -50 0 50 100 150 200 250 300 350 400 450
10
10 9 8 7 6 5 4 3 2 1 0 -1 -2 -3 -4 -5 -6 -7 -8 -9
10
500 450 400 350 300 250 200 150 100 50 0 -50 -100 -150 -200 -250 -300 -350 -400 -450 -500
10
-500 -400 -300 -200 -100 0 100 200 300 400 -500 -400 -300 -200 -100 0 100 200 300 400
10
0 0 0 0 0 0 0 0 0 0 0 0 0 0 0 0 0 0 0 0 0 0 0 0 0 0 0 0 0 0 0 0 0 0 0 0 0 0 0 0 0 0 0 0 0 0 0 0 0 0 0 0 0 0 0 0 0 0 0 0 0 0 0 0 0 0 0 0 0 0 0 0 0 0 0 0 0 0 0 0 0 0 0 0 0 0 0 0 0 0 0 0 0 0 0 0 0 0 0 0 0 0 0 0 0 0 0 0 0 0 0 0 0 0 0 0 0 0 0 0 0 0 0 0 0 0 0 0 0 0 0 0 0 0 0 0 0 0 0 0 0 0 0 0 0 0 0 0 0 0 0 0 0 0 0 0 0 0 0 0 0 0 0 0 0 0 0 0 0 0 0 0 0 0 0 0 0 0 0 0 0 0 0 0 0 0 0 0 0 0 0 0 0 0 0 0 0 0 0 0 0 0 0 0 0 0 0 0 0 0 0 0 0 0 0 0 0 0 0 0 0 0 0 0 0 0 0 0 0 0 0 0 0 0 0 0 0 0 0 0 0 0 0 0 0 0 0 0 0 0 0 0 0 0 0 0 0 0 0 0 0 0 0 0 0 0 0 0 0 0 0 0 0 0 0 0 0 0 0 0 0 0 0 0 0 0 0 0 0 0 0 0 0 0 0 0 0 0 0 0 0 0 0 0 0 0 0 0 0 0 0 0 0 0 0 0 0 0 0 0 0 0 0 0 0 0 0 0 0 0 0 0 0 0 0 0 0 0 0 0 0 0 0 0 0 0 0 0 0 0 0 0 0 0 0 0 0 0 0 0 0 0 0 0 0 0 0 0 0 0 0 0 0 0 0 0 0 0 0 0 0 0 0 0 0 0 0 0 0 0 0 0 0 0 0 0 0 0 0 0 0 0 0 0 0 0 0 0 0 0 0 0 0 0 0 0 0 0 0 0 0 0 0 0 0 0 0 0 0 0 0 0 0 0 0 0 0 0 0 0 0 0 0 0 0 0 0 0 0 0 0 0 0 0 0 0 0 0 0 0 0 0 0 0 0 0 0 0 0 0 0 0 0 0 0 0 0 0 0 0 0 0 0 0 0 0 0 0 0 0 0 0 0 0 0 0 0 0 0 0
10
500 500 500 500 500 500 500 500 500 500 500 500 500 500 500 500 500 500 500 500 500 500 500 500 500 500 500 500 500 500 500 500 500 500 500 500 500 500 500 500 500 500 500 500 500 500 500 500 500 500 500 500 500 500 500 500 500 500 500 500 500 500 500 500 500 500 500 500 500 500 500 500 500 500 500 500 500 500 500 500 500 500 500 500 500 500 500 500 500 500 500 500 500 500 500 500 500 500 500 500 500 500 500 500 500 500 500 500 500 500 500 500 500 500 500 500 500 500 500 500 500 500 500 500 500 500 500 500 500 500 500 500 500 500 500 500 500 500 500 500 500 500 500 500 500 500 500 500 500 500 500 500 500 500 500 500 500 500 500 500 500 500 500 500 500 500 500 500 500 500 500 500 500 500 500 500 500 500 500 500 500 500 500 500 500 500 500 500 500 500 500 500 500 500 500 500 500 500 500 500 500 500 500 500 500 500 500 500 500 500 500 500 500 500 500 500 500 500 500 500 500 500 500 500 500 500 500 500 500 500 500 500 500 500 500 500 500 500 500 500 500 500 500 500 500 500 500 500 500 500 500 500 500 500 500 500 500 500 500 500 500 500 500 500 500 500 500 500 500 500 500 500 500 500 500 500 500 500 500 500 500 500 500 500 500 500 500 500 500 500 500 500 500 500 500 500 500 500 500 500 500 500 500 500 500 500 500 500 500 500 500 500 500 500 500 500 500 500 500 500 500 500 500 500 500 500 500 500 500 500 500 500 500 500 500 500 500 500 500 500 500 500 500 500 500 500 500 500 500 500 500 500 500 500 500 500 500 500 500 500 500 500 500 500 500 500 500 500 500 500 500 500 500 500 500 500 500 500 500 500 500 500 500 500 500 500 500 500 500 500 500 500 500 500 500 500 500 500 500 500 500 500 500 500 500 500 500 500 500 500 500 500 500 500 500 500 500 500 500 500 500 500 500 500 500 500 500 500 500 500 500 500 500 500 500 500 500 500 500 500 500 500 500 500 500 500 500 500 500 500 500 500 500 500 500 500 500 500 500 500 500 500 500 500 500 500 500 500 500 500 500 500 500 500 500 500 500 500 500 500 500 500 500 500 500 500 500 500 500 500 500 500 500 500 500 500 500 500 500 500
10
-500 -500 -500 -500 -500 -500 -500 -500 -500 -500 -500 -500 -500 -500 -500 -500 -500 -500 -500 -500 -500 -500 -500 -500 -500 -500 -500 -500 -500 -500 -500 -500 -500 -500 -500 -500 -500 -500 -500 -500 -500 -500 -500 -500 -500 -500 -500 -500 -500 -500 -500 -500 -500 -500 -500 -500 -500 -500 -500 -500 -500 -500 -500 -500 -500 -500 -500 -500 -500 -500 -500 -500 -500 -500 -500 -500 -500 -500 -500 -500 -500 -500 -500 -500 -500 -500 -500 -500 -500 -500 -500 -500 -500 -500 -500 -500 -500 -500 -500 -500 -500 -500 -500 -500 -500 -500 -500 -500 -500 -500 -500 -500 -500 -500 -500 -500 -500 -500 -500 -500 -500 -500 -500 -500 -500 -500 -500 -500 -500 -500 -500 -500 -500 -500 -500 -500 -500 -500 -500 -500 -500 -500 -500 -500 -500 -500 -500 -500 -500 -500 -500 -500 -500 -500 -500 -500 -500 -500 -500 -500 -500 -500 -500 -500 -500 -500 -500 -500 -500 -500 -500 -500 -500 -500 -500 -500 -500 -500 -500 -500 -500 -500 -500 -500 -500 -500 -500 -500 -500 -500 -500 -500 -500 -500 -500 -500 -500 -500 -500 -500 -500 -500 -500 -500 -500 -500 -500 -500 -500 -500 -500 -500 -500 -500 -500 -500 -500 -500 -500 -500 -500 -500 -500 -500 -500 -500 -500 -500 -500 -500 -500 -500 -500 -500 -500 -500 -500 -500 -500 -500 -500 -500 -500 -500 -500 -500 -500 -500 -500 -500 -500 -500 -500 -500 -500 -500 -500 -500 -500 -500 -500 -500 -500 -500 -500 -500 -500 -500 -500 -500 -500 -500 -500 -500 -500 -500 -500 -500 -500 -500 -500 -500 -500 -500 -500 -500 -500 -500 -500 -500 -500 -500 -500 -500 -500 -500 -500 -500 -500 -500 -500 -500 -500 -500 -500 -500 -500 -500 -500 -500 -500 -500 -500 -500 -500 -500 -500 -500 -500 -500 -500 -500 -500 -500 -500 -500 -500 -500 -500 -500 -500 -500 -500 -500 -500 -500 -500 -500 -500 -500 -500 -500 -500 -500 -500 -500 -500 -500 -500 -500 -500 -500 -500 -500 -500 -500 -500 -500 -500 -500 -500 -500 -500 -500 -500 -500 -500 -500 -500 -500 -500 -500 -500 -500 -500 -500 -500 -500 -500 -500 -500 -500 -500 -500 -500 -500 -500 -500 -500 -500 -500 -500 -500 -500 -500 -500 -500 -500 -500 -500 -500 -500 -500 -500 -500 -500 -500 -500 -500 -500 -500 -500 -500 -500 -500 -500 -500 -500 -500 -500 -500 -500 -500 -500 -500 -500 -500 -500 -500 -500 -500 -500 -500 -500 -500 -500 -500 -500 -500 -500 -500 -500 -500 -500 -500 -500 -500 -500 -500 -500 -500 -500 -500 -500 -500 -500 -500 -500 -500 -500 -500 -500 -500 -500 -500 -500 -500 -500 -500 -500 -500 -500 -500 -500 -500 -500 -500 -500 -500 -500 -500 -500 -500 -500 -500 -500 -500 -500 -500 -500 -500 -500 -500 -500 -500 -500 -500 -500 -500 -500
14
15 -42 -443 -408 61 85 309 433 95 445 -102 222 49 -195 -344 -167 48 159 432 -482 265 -477 303 211 121 -189 -42 -215 -441 -495 110 -11 84 145 196 8 343 -108 -356 234 198 -123 -51 87 -463 -274 -160 394 -79 239 271 -430 -486 -151 322 -466 367 -448 -295 -500 211 19 14 83 -168 -206 -208 367 181 -461 -468 -69 -279 -324 -8 366 73 -170 17 -390 185 352 -345 426 71 420 -202 213 110 -207 84 493 98 -95 -38 94 133 135 -419 443 222 309 187 276 73 78 -431 -278 -71 -142 -373 56 -155 -329 112 -272 -253 -311 -88 451 463 167 360 441 417 -337 282 -348 -345 -186 -342 -132 104 -426 320 309 33 98 -499 407 -337 -497 -497 112 209 477 466 448 276 -344 486 184 -396 -495 -339 -472 -95 459 493 358 332 276 78 348 -116 -186 -2 26 94 -51 -393 -354 108 -359 244 178 -478 -412 3 -212 178 38 72 71 423 -169 -400 473 198 -411 -228 48 -338 -56 124 -402 252 80 64 219 -493 396 396 -91 9 -288 -283 -322 -150 217 -150 -9 -94 -438 -25 -174 -209 305 -120 -226 -237 250 -500 -111 -70 343 -423 497 181 369 499 -151 165 205 217 -301 -185 -115 245 -334 112 -278 298 314 -293 147 145 305 484 433 -3 135 -386 83 -12 -423 -232 141 164 461 27 221 231 -480 329 268 -431 123 -42 235 361 240 155 -212 -309 468 -257 467 410 26 -475 -332 99 365 -62 236 -383 -342 389 -343 -473 -233 405 181 479 78 313 77 49 -31 -212 -85 -294 -149 322 -481 -413 -214 -246 101 230 55 -180 255 90 -426 -211 140 186 -158 -239 -371 215 427 490 -385 -263 348 53 -61 -360 405 -277 -225 -456 -375 -355 -112 491 181 194 -403 -364 -175 397 483 -198 -274 496 62 -230 175 -114 -143 -232 257 243 318 259 246 130 1 139 -77 2 343 313 67 -463 -280 458 -203 -482 -466 213 195 -380 -150 -256 -18 -493 -266 -89 62 -432 -41 -495 -494 -179 438 -321 260 -387 -500 -334 -130 488 277 -246 462 -97 -55 209 -17 -81 262 -257 301 -149 286 -260 -169 -446 139 -323 -78 -414 409 -197 115 215 -21 -296 357 -209 -377 360 433 347 -490 405 51 -262 132 -251 360 275 -405 -367 -491 352 425 -299 132 73 -308 -215 83 182 82 -113 -6 -174 -315 192 -262 7 297 -230 472 -267 327 -315 104 -235 334 -280 -150 197 -14 -350 -42 -128 485 -366 301 -217 -234 156 -213 215 -169 395 449 -9 119 337 -400 -422 287 -36 243 -89 -373 130 167 -195 302 -109 26
14
-10 -9 -8 -7 -6 -5 -4 -3 -2 -1 0 1 2 3 4 5 6 7 8 9
14
-500 -450 -400 -350 -300 -250 -200 -150 -100 -50 0 50 100 150 200 250 300 350 400 450
14
10 9 8 7 6 5 4 3 2 1 0 -1 -2 -3 -4 -5 -6 -7 -8 -9
14
500 450 400 350 300 250 200 150 100 50 0 -50 -100 -150 -200 -250 -300 -350 -400 -450 -500
14
-500 -400 -300 -200 -100 0 100 200 300 400 -500 -400 -300 -200 -100 0 100 200 300 400
14
0 0 0 0 0 0 0 0 0 0 0 0 0 0 0 0 0 0 0 0 0 0 0 0 0 0 0 0 0 0 0 0 0 0 0 0 0 0 0 0 0 0 0 0 0 0 0 0 0 0 0 0 0 0 0 0 0 0 0 0 0 0 0 0 0 0 0 0 0 0 0 0 0 0 0 0 0 0 0 0 0 0 0 0 0 0 0 0 0 0 0 0 0 0 0 0 0 0 0 0 0 0 0 0 0 0 0 0 0 0 0 0 0 0 0 0 0 0 0 0 0 0 0 0 0 0 0 0 0 0 0 0 0 0 0 0 0 0 0 0 0 0 0 0 0 0 0 0 0 0 0 0 0 0 0 0 0 0 0 0 0 0 0 0 0 0 0 0 0 0 0 0 0 0 0 0 0 0 0 0 0 0 0 0 0 0 0 0 0 0 0 0 0 0 0 0 0 0 0 0 0 0 0 0 0 0 0 0 0 0 0 0 0 0 0 0 0 0 0 0 0 0 0 0 0 0 0 0 0 0 0 0 0 0 0 0 0 0 0 0 0 0 0 0 0 0 0 0 0 0 0 0 0 0 0 0 0 0 0 0 0 0 0 0 0 0 0 0 0 0 0 0 0 0 0 0 0 0 0 0 0 0 0 0 0 0 0 0 0 0 0 0 0 0 0 0 0 0 0 0 0 0 0 0 0 0 0 0 0 0 0 0 0 0 0 0 0 0 0 0 0 0 0 0 0 0 0 0 0 0 0 0 0 0 0 0 0 0 0 0 0 0 0 0 0 0 0 0 0 0 0 0 0 0 0 0 0 0 0 0 0 0 0 0 0 0 0 0 0 0 0 0 0 0 0 0 0 0 0 0 0 0 0 0 0 0 0 0 0 0 0 0 0 0 0 0 0 0 0 0 0 0 0 0 0 0 0 0 0 0 0 0 0 0 0 0 0 0 0 0 0 0 0 0 0 0 0 0 0 0 0 0 0 0 0 0 0 0 0 0 0 0 0 0 0 0 0 0 0 0 0 0 0 0 0 0 0 0 0 0 0 0 0 0 0 0 0 0 0 0 0 0 0 0 0 0 0 0 0 0 0 0 0 0 0 0 0 0 0 0 0 0 0 0 0 0 0 0 0 0
14
500 500 500 500 500 500 500 500 500 500 500 500 500 500 500 500 500 500 500 500 500 500 500 500 500 500 500 500 500 500 500 500 500 500 500 500 500 500 500 500 500 500 500 500 500 500 500 500 500 500 500 500 500 500 500 500 500 500 500 500 500 500 500 500 500 500 500 500 500 500 500 500 500 500 500 500 500 500 500 500 500 500 500 500 500 500 500 500 500 500 500 500 500 500 500 500 500 500 500 500 500 500 500 500 500 500 500 500 500 500 500 500 500 500 500 500 500 500 500 500 500 500 500 500 500 500 500 500 500 500 500 500 500 500 500 500 500 500 500 500 500 500 500 500 500 500 500 500 500 500 500 500 500 500 500 500 500 500 500 500 500 500 500 500 500 500 500 500 500 500 500 500 500 500 500 500 500 500 500 500 500 500 500 500 500 500 500 500 500 500 500 500 500 500 500 500 500 500 500 500 500 500 500 500 500 500 500 500 500 500 500 500 500 500 500 500 500 500 500 500 500 500 500 500 500 500 500 500 500 500 500 500 500 500 500 500 500 500 500 500 500 500 500 500 500 500 500 500 500 500 500 500 500 500 500 500 500 500 500 500 500 500 500 500 500 500 500 500 500 500 500 500 500 500 500 500 500 500 500 500 500 500 500 500 500 500 500 500 500 500 500 500 500 500 500 500 500 500 500 500 500 500 500 500 500 500 500 500 500 500 500 500 500 500 500 500 500 500 500 500 500 500 500 500 500 500 500 500 500 500 500 500 500 500 500 500 500 500 500 500 500 500 500 500 500 500 500 500 500 500 500 500 500 500 500 500 500 500 500 500 500 500 500 500 500 500 500 500 500 500 500 500 500 500 500 500 500 500 500 500 500 500 500 500 500 500 500 500 500 500 500 500 500 500 500 500 500 500 500 500 500 500 500 500 500 500 500 500 500 500 500 500 500 500 500 500 500 500 500 500 500 500 500 500 500 500 500 500 500 500 500 500 500 500 500 500 500 500 500 500 500 500 500 500 500 500 500 500 500 500 500 500 500 500 500 500 500 500 500 500 500 500 500 500 500 500 500 500 500 500 500 500 500 500 500 500 500 500 500 500 500 500 500 500 500 500 500 500 500 500 500 500 500 500 500 500 500 500 500 500
14
-500 -500 -500 -500 -500 -500 -500 -500 -500 -500 -500 -500 -500 -500 -500 -500 -500 -500 -500 -500 -500 -500 -500 -500 -500 -500 -500 -500 -500 -500 -500 -500 -500 -500 -500 -500 -500 -500 -500 -500 -500 -500 -500 -500 -500 -500 -500 -500 -500 -500 -500 -500 -500 -500 -500 -500 -500 -500 -500 -500 -500 -500 -500 -500 -500 -500 -500 -500 -500 -500 -500 -500 -500 -500 -500 -500 -500 -500 -500 -500 -500 -500 -500 -500 -500 -500 -500 -500 -500 -500 -500 -500 -500 -500 -500 -500 -500 -500 -500 -500 -500 -500 -500 -500 -500 -500 -500 -500 -500 -500 -500 -500 -500 -500 -500 -500 -500 -500 -500 -500 -500 -500 -500 -500 -500 -500 -500 -500 -500 -500 -500 -500 -500 -500 -500 -500 -500 -500 -500 -500 -500 -500 -500 -500 -500 -500 -500 -500 -500 -500 -500 -500 -500 -500 -500 -500 -500 -500 -500 -500 -500 -500 -500 -500 -500 -500 -500 -500 -500 -500 -500 -500 -500 -500 -500 -500 -500 -500 -500 -500 -500 -500 -500 -500 -500 -500 -500 -500 -500 -500 -500 -500 -500 -500 -500 -500 -500 -500 -500 -500 -500 -500 -500 -500 -500 -500 -500 -500 -500 -500 -500 -500 -500 -500 -500 -500 -500 -500 -500 -500 -500 -500 -500 -500 -500 -500 -500 -500 -500 -500 -500 -500 -500 -500 -500 -500 -500 -500 -500 -500 -500 -500 -500 -500 -500 -500 -500 -500 -500 -500 -500 -500 -500 -500 -500 -500 -500 -500 -500 -500 -500 -500 -500 -500 -500 -500 -500 -500 -500 -500 -500 -500 -500 -500 -500 -500 -500 -500 -500 -500 -500 -500 -500 -500 -500 -500 -500 -500 -500 -500 -500 -500 -500 -500 -500 -500 -500 -500 -500 -500 -500 -500 -500 -500 -500 -500 -500 -500 -500 -500 -500 -500 -500 -500 -500 -500 -500 -500 -500 -500 -500 -500 -500 -500 -500 -500 -500 -500 -500 -500 -500 -500 -500 -500 -500 -500 -500 -500 -500 -500 -500 -500 -500 -500 -500 -500 -500 -500 -500 -500 -500 -500 -500 -500 -500 -500 -500 -500 -500 -500 -500 -500 -500 -500 -500 -500 -500 -500 -500 -500 -500 -500 -500 -500 -500 -500 -500 -500 -500 -500 -500 -500 -500 -500 -500 -500 -500 -500 -500 -500 -500 -500 -500 -500 -500 -500 -500 -500 -500 -500 -500 -500 -500 -500 -500 -500 -500 -500 -500 -500 -500 -500 -500 -500 -500 -500 -500 -500 -500 -500 -500 -500 -500 -500 -500 -500 -500 -500 -500 -500 -500 -500 -500 -500 -500 -500 -500 -500 -500 -500 -500 -500 -500 -500 -500 -500 -500 -500 -500 -500 -500 -500 -500 -500 -500 -500 -500 -500 -500 -500 -500 -500 -500 -500 -500 -500 -500 -500 -500 -500 -500 -500 -500 -500 -500 -500 -500 -500 -500 -500 -500 -500 -500 -500 -500 -500 -500 -500 -500 -500 -500 -500 -500 -500 -500 -500 -500 -500 -500 -500
500
15 -42 -443 -408 61 85 309 433 95 445 -102 222 49 -195 -344 -167 48 159 432 -482 265 -477 303 211 121 -189 -42 -215 -441 -495 110 -11 84 145 196 8 343 -108 -356 234 198 -123 -51 87 -463 -274 -160 394 -79 239 271 -430 -486 -151 322 -466 367 -448 -295 -500 211 19 14 83 -168 -206 -208 367 181 -461 -468 -69 -279 -324 -8 366 73 -170 17 -390 185 352 -345 426 71 420 -202 213 110 -207 84 493 98 -95 -38 94 133 135 -419 443 222 309 187 276 73 78 -431 -278 -71 -142 -373 56 -155 -329 112 -272 -253 -311 -88 451 463 167 360 441 417 -337 282 -348 -345 -186 -342 -132 104 -426 320 309 33 98 -499 407 -337 -497 -497 112 209 477 466 448 276 -344 486 184 -396 -495 -339 -472 -95 459 493 358 332 276 78 348 -116 -186 -2 26 94 -51 -393 -354 108 -359 244 178 -478 -412 3 -212 178 38 72 71 423 -169 -400 473 198 -411 -228 48 -338 -56 124 -402 252 80 64 219 -493 396 396 -91 9 -288 -283 -322 -150 217 -150 -9 -94 -438 -25 -174 -209 305 -120 -226 -237 250 -500 -111 -70 343 -423 497 181 369 499 -151 165 205 217 -301 -185 -115 245 -334 112 -278 298 314 -293 147 145 305 484 433 -3 135 -386 83 -12 -423 -232 141 164 461 27 221 231 -480 329 268 -431 123 -42 235 361 240 155 -212 -309 468 -257 467 410 26 -475 -332 99 365 -62 236 -383 -342 389 -343 -473 -233 405 181 479 78 313 77 49 -31 -212 -85 -294 -149 322 -481 -413 -214 -246 101 230 55 -180 255 90 -426 -211 140 186 -158 -239 -371 215 427 490 -385 -263 348 53 -61 -360 405 -277 -225 -456 -375 -355 -112 491 181 194 -403 -364 -175 397 483 -198 -274 496 62 -230 175 -114 -143 -232 257 243 318 259 246 130 1 139 -77 2 343 313 67 -463 -280 458 -203 -482 -466 213 195 -380 -150 -256 -18 -493 -266 -89 62 -432 -41 -495 -494 -179 438 -321 260 -387 -500 -334 -130 488 277 -246 462 -97 -55 209 -17 -81 262 -257 301 -149 286 -260 -169 -446 139 -323 -78 -414 409 -197 115 215 -21 -296 357 -209 -377 360 433 347 -490 405 51 -262 132 -251 360 275 -405 -367 -491 352 425 -299 132 73 -308 -215 83 182 82 -113 -6 -174 -315 192 -262 7 297 -230 472 -267 327 -315 104 -235 334 -280 -150 197 -14 -350 -42 -128 485 -366 301 -217 -234 156 -213 215 -169 395 449 -9 119 337 -400 -422 287 -36 243 -89 -373 130 167 -195 302 -109 26
500
-10 -9 -8 -7 -6 -5 -4 -3 -2 -1 0 1 2 3 4 5 6 7 8 9
500
-500 -450 -400 -350 -300 -250 -200 -150 -100 -50 0 50 100 150 200 250 300 350 400 450
500
10 9 8 7 6 5 4 3 2 1 0 -1 -2 -3 -4 -5 -6 -7 -8 -9
500
500 450 400 350 300 250 200 150 100 50 0 -50 -100 -150 -200 -250 -300 -350 -400 -450 -500
500
-500 -400 -300 -200 -100 0 100 200 300 400 -500 -400 -300 -200 -100 0 100 200 300 400
500
0 0 0 0 0 0 0 0 0 0 0 0 0 0 0 0 0 0 0 0 0 0 0 0 0 0 0 0 0 0 0 0 0 0 0 0 0 0 0 0 0 0 0 0 0 0 0 0 0 0 0 0 0 0 0 0 0 0 0 0 0 0 0 0 0 0 0 0 0 0 0 0 0 0 0 0 0 0 0 0 0 0 0 0 0 0 0 0 0 0 0 0 0 0 0 0 0 0 0 0 0 0 0 0 0 0 0 0 0 0 0 0 0 0 0 0 0 0 0 0 0 0 0 0 0 0 0 0 0 0 0 0 0 0 0 0 0 0 0 0 0 0 0 0 0 0 0 0 0 0 0 0 0 0 0 0 0 0 0 0 0 0 0 0 0 0 0 0 0 0 0 0 0 0 0 0 0 0 0 0 0 0 0 0 0 0 0 0 0 0 0 0 0 0 0 0 0 0 0 0 0 0 0 0 0 0 0 0 0 0 0 0 0 0 0 0 0 0 0 0 0 0 0 0 0 0 0 0 0 0 0 0 0 0 0 0 0 0 0 0 0 0 0 0 0 0 0 0 0 0 0 0 0 0 0 0 0 0 0 0 0 0 0 0 0 0 0 0 0 0 0 0 0 0 0 0 0 0 0 0 0 0 0 0 0 0 0 0 0 0 0 0 0 0 0 0 0 0 0 0 0 0 0 0 0 0 0 0 0 0 0 0 0 0 0 0 0 0 0 0 0 0 0 0 0 0 0 0 0 0 0 0 0 0 0 0 0 0 0 0 0 0 0 0 0 0 0 0 0 0 0 0 0 0 0 0 0 0 0 0 0 0 0 0 0 0 0 0 0 0 0 0 0 0 0 0 0 0 0 0 0 0 0 0 0 0 0 0 0 0 0 0 0 0 0 0 0 0 0 0 0 0 0 0 0 0 0 0 0 0 0 0 0 0 0 0 0 0 0 0 0 0 0 0 0 0 0 0 0 0 0 0 0 0 0 0 0 0 0 0 0 0 0 0 0 0 0 0 0 0 0 0 0 0 0 0 0 0 0 0 0 0 0 0 0 0 0 0 0 0 0 0 0 0 0 0 0 0 0 0 0 0 0 0 0 0 0 0 0 0 0 0 0 0 0 0 0 0 0 0
500
500 500 500 500 500 500 500 500 500 500 500 500 500 500 500 500 500 500 500 500 500 500 500 500 500 500 500 500 500 500 500 500 500 500 500 500 500 500 500 500 500 500 500 500 500 500 500 500 500 500 500 500 500 500 500 500 500 500 500 500 500 500 500 500 500 500 500 500 500 500 500 500 500 500 500 500 500 500 500 500 500 500 500 500 500 500 500 500 500 500 500 500 500 500 500 500 500 500 500 500 500 500 500 500 500 500 500 500 500 500 500 500 500 500 500 500 500 500 500 500 500 500 500 500 500 500 500 500 500 500 500 500 500 500 500 500 500 500 500 500 500 500 500 500 500 500 500 500 500 500 500 500 500 500 500 500 500 500 500 500 500 500 500 500 500 500 500 500 500 500 500 500 500 500 500 500 500 500 500 500 500 500 500 500 500 500 500 500 500 500 500 500 500 500 500 500 500 500 500 500 500 500 500 500 500 500 500 500 500 500 500 500 500 500 500 500 500 500 500 500 500 500 500 500 500 500 500 500 500 500 500 500 500 500 500 500 500 500 500 500 500 500 500 500 500 500 500 500 500 500 500 500 500 500 500 500 500 500 500 500 500 500 500 500 500 500 500 500 500 500 500 500 500 500 500 500 500 500 500 500 500 500 500 500 500 500 500 500 500 500 500 500 500 500 500 500 500 500 500 500 500 500 500 500 500 500 500 500 500 500 500 500 500 500 500 500 500 500 500 500 500 500 500 500 500 500 500 500 500 500 500 500 500 500 500 500 500 500 500 500 500 500 500 500 500 500 500 500 500 500 500 500 500 500 500 500 500 500 500 500 500 500 500 500 500 500 500 500 500 500 500 500 500 500 500 500 500 500 500 500 500 500 500 500 500 500 500 500 500 500 500 500 500 500 500 500 500 500 500 500 500 500 500 500 500 500 500 500 500 500 500 500 500 500 500 500 500 500 500 500 500 500 500 500 500 500 500 500 500 500 500 500 500 500 500 500 500 500 500 500 500 500 500 500 500 500 500 500 500 500 500 500 500 500 500 500 500 500 500 500 500 500 500 500 500 500 500 500 500 500 500 500 500 500 500 500 500 500 500 500 500 500 500 500 500 500 500 500 500 500 500 500 500 500 500 500 500 500 500 500
500
-500 -500 -500 -500 -500 -500 -500 -500 -500 -500 -500 -500 -500 -500 -500 -500 -500 -500 -500 -500 -500 -500 -500 -500 -500 -500 -500 -500 -500 -500 -500 -500 -500 -500 -500 -500 -500 -500 -500 -500 -500 -500 -500 -500 -500 -500 -500 -500 -500 -500 -500 -500 -500 -500 -500 -500 -500 -500 -500 -500 -500 -500 -500 -500 -500 -500 -500 -500 -500 -500 -500 -500 -500 -500 -500 -500 -500 -500 -500 -500 -500 -500 -500 -500 -500 -500 -500 -500 -500 -500 -500 -500 -500 -500 -500 -500 -500 -500 -500 -500 -500 -500 -500 -500 -500 -500 -500 -500 -500 -500 -500 -500 -500 -500 -500 -500 -500 -500 -500 -500 -500 -500 -500 -500 -500 -500 -500 -500 -500 -500 -500 -500 -500 -500 -500 -500 -500 -500 -500 -500 -500 -500 -500 -500 -500 -500 -500 -500 -500 -500 -500 -500 -500 -500 -500 -500 -500 -500 -500 -500 -500 -500 -500 -500 -500 -500 -500 -500 -500 -500 -500 -500 -500 -500 -500 -500 -500 -500 -500 -500 -500 -500 -500 -500 -500 -500 -500 -500 -500 -500 -500 -500 -500 -500 -500 -500 -500 -500 -500 -500 -500 -500 -500 -500 -500 -500 -500 -500 -500 -500 -500 -500 -500 -500 -500 -500 -500 -500 -500 -500 -500 -500 -500 -500 -500 -500 -500 -500 -500 -500 -500 -500 -500 -500 -500 -500 -500 -500 -500 -500 -500 -500 -500 -500 -500 -500 -500 -500 -500 -500 -500 -500 -500 -500 -500 -500 -500 -500 -500 -500 -500 -500 -500 -500 -500 -500 -500 -500 -500 -500 -500 -500 -500 -500 -500 -500 -500 -500 -500 -500 -500 -500 -500 -500 -500 -500 -500 -500 -500 -500 -500 -500 -500 -500 -500 -500 -500 -500 -500 -500 -500 -500 -500 -500 -500 -500 -500 -500 -500 -500 -500 -500 -500 -500 -500 -500 -500 -500 -500 -500 -500 -500 -500 -500 -500 -500 -500 -500 -500 -500 -500 -500 -500 -500 -500 -500 -500 -500 -500 -500 -500 -500 -500 -500 -500 -500 -500 -500 -500 -500 -500 -500 -500 -500 -500 -500 -500 -500 -500 -500 -500 -500 -500 -500 -500 -500 -500 -500 -500 -500 -500 -500 -500 -500 -500 -500 -500 -500 -500 -500 -500 -500 -500 -500 -500 -500 -500 -500 -500 -500 -500 -500 -500 -500 -500 -500 -500 -500 -500 -500 -500 -500 -500 -500 -500 -500 -500 -500 -500 -500 -500 -500 -500 -500 -500 -500 -500 -500 -500 -500 -500 -500 -500 -500 -500 -500 -500 -500 -500 -500 -500 -500 -500 -500 -500 -500 -500 -500 -500 -500 -500 -500 -500 -500 -500 -500 -500 -500 -500 -500 -500 -500 -500 -500 -500 -500 -500 -500 -500 -500 -500 -500 -500 -500 -500 -500 -500 -500 -500 -500 -500 -500 -500 -500 -500 -500 -500 -500 -500 -500 -500 -500 -500 -500 -500 -500 -500 -500 -500 -500 -500 -500 -500 -500 -500 -500 -500 -500 -500 -500
501
15 -42 -443 -408 61 85 309 433 95 445 -102 222 49 -195 -344 -167 48 159 432 -482 265 -477 303 211 121 -189 -42 -215 -441 -495 110 -11 84 145 196 8 343 -108 -356 234 198 -123 -51 87 -463 -274 -160 394 -79 239 271 -430 -486 -151 322 -466 367 -448 -295 -500 211 19 14 83 -168 -206 -208 367 181 -461 -468 -69 -279 -324 -8 366 73 -170 17 -390 185 352 -345 426 71 420 -202 213 110 -207 84 493 98 -95 -38 94 133 135 -419 443 222 309 187 276 73 78 -431 -278 -71 -142 -373 56 -155 -329 112 -272 -253 -311 -88 451 463 167 360 441 417 -337 282 -348 -345 -186 -342 -132 104 -426 320 309 33 98 -499 407 -337 -497 -497 112 209 477 466 448 276 -344 486 184 -396 -495 -339 -472 -95 459 493 358 332 276 78 348 -116 -186 -2 26 94 -51 -393 -354 108 -359 244 178 -478 -412 3 -212 178 38 72 71 423 -169 -400 473 198 -411 -228 48 -338 -56 124 -402 252 80 64 219 -493 396 396 -91 9 -288 -283 -322 -150 217 -150 -9 -94 -438 -25 -174 -209 305 -120 -226 -237 250 -500 -111 -70 343 -423 497 181 369 499 -151 165 205 217 -301 -185 -115 245 -334 112 -278 298 314 -293 147 145 305 484 433 -3 135 -386 83 -12 -423 -232 141 164 461 27 221 231 -480 329 268 -431 123 -42 235 361 240 155 -212 -309 468 -257 467 410 26 -475 -332 99 365 -62 236 -383 -342 389 -343 -473 -233 405 181 479 78 313 77 49 -31 -212 -85 -294 -149 322 -481 -413 -214 -246 101 230 55 -180 255 90 -426 -211 140 186 -158 -239 -371 215 427 490 -385 -263 348 53 -61 -360 405 -277 -225 -456 -375 -355 -112 491 181 194 -403 -364 -175 397 483 -198 -274 496 62 -230 175 -114 -143 -232 257 243 318 259 246 130 1 139 -77 2 343 313 67 -463 -280 458 -203 -482 -466 213 195 -380 -150 -256 -18 -493 -266 -89 62 -432 -41 -495 -494 -179 438 -321 260 -387 -500 -334 -130 488 277 -246 462 -97 -55 209 -17 -81 262 -257 301 -149 286 -260 -169 -446 139 -323 -78 -414 409 -197 115 215 -21 -296 357 -209 -377 360 433 347 -490 405 51 -262 132 -251 360 275 -405 -367 -491 352 425 -299 132 73 -308 -215 83 182 82 -113 -6 -174 -315 192 -262 7 297 -230 472 -267 327 -315 104 -235 334 -280 -150 197 -14 -350 -42 -128 485 -366 301 -217 -234 156 -213 215 -169 395 449 -9 119 337 -400 -422 287 -36 243 -89 -373 130 167 -195 302 -109 26
501
-10 -9 -8 -7 -6 -5 -4 -3 -2 -1 0 1 2 3 4 5 6 7 8 9
501
-500 -450 -400 -350 -300 -250 -200 -150 -100 -50 0 50 100 150 200 250 300 350 400 450
501
10 9 8 7 6 5 4 3 2 1 0 -1 -2 -3 -4 -5 -6 -7 -8 -9
501
500 450 400 350 300 250 200 150 100 50 0 -50 -100 -150 -200 -250 -300 -350 -400 -450 -500
501
-500 -400 -300 -200 -100 0 100 200 300 400 -500 -400 -300 -200 -100 0 100 200 300 400
501
0 0 0 0 0 0 0 0 0 0 0 0 0 0 0 0 0 0 0 0 0 0 0 0 0 0 0 0 0 0 0 0 0 0 0 0 0 0 0 0 0 0 0 0 0 0 0 0 0 0 0 0 0 0 0 0 0 0 0 0 0 0 0 0 0 0 0 0 0 0 0 0 0 0 0 0 0 0 0 0 0 0 0 0 0 0 0 0 0 0 0 0 0 0 0 0 0 0 0 0 0 0 0 0 0 0 0 0 0 0 0 0 0 0 0 0 0 0 0 0 0 0 0 0 0 0 0 0 0 0 0 0 0 0 0 0 0 0 0 0 0 0 0 0 0 0 0 0 0 0 0 0 0 0 0 0 0 0 0 0 0 0 0 0 0 0 0 0 0 0 0 0 0 0 0 0 0 0 0 0 0 0 0 0 0 0 0 0 0 0 0 0 0 0 0 0 0 0 0 0 0 0 0 0 0 0 0 0 0 0 0 0 0 0 0 0 0 0 0 0 0 0 0 0 0 0 0 0 0 0 0 0 0 0 0 0 0 0 0 0 0 0 0 0 0 0 0 0 0 0 0 0 0 0 0 0 0 0 0 0 0 0 0 0 0 0 0 0 0 0 0 0 0 0 0 0 0 0 0 0 0 0 0 0 0 0 0 0 0 0 0 0 0 0 0 0 0 0 0 0 0 0 0 0 0 0 0 0 0 0 0 0 0 0 0 0 0 0 0 0 0 0 0 0 0 0 0 0 0 0 0 0 0 0 0 0 0 0 0 0 0 0 0 0 0 0 0 0 0 0 0 0 0 0 0 0 0 0 0 0 0 0 0 0 0 0 0 0 0 0 0 0 0 0 0 0 0 0 0 0 0 0 0 0 0 0 0 0 0 0 0 0 0 0 0 0 0 0 0 0 0 0 0 0 0 0 0 0 0 0 0 0 0 0 0 0 0 0 0 0 0 0 0 0 0 0 0 0 0 0 0 0 0 0 0 0 0 0 0 0 0 0 0 0 0 0 0 0 0 0 0 0 0 0 0 0 0 0 0 0 0 0 0 0 0 0 0 0 0 0 0 0 0 0 0 0 0 0 0 0 0 0 0 0 0 0 0 0 0 0 0 0 0 0 0 0 0 0 0 0
501
500 500 500 500 500 500 500 500 500 500 500 500 500 500 500 500 500 500 500 500 500 500 500 500 500 500 500 500 500 500 500 500 500 500 500 500 500 500 500 500 500 500 500 500 500 500 500 500 500 500 500 500 500 500 500 500 500 500 500 500 500 500 500 500 500 500 500 500 500 500 500 500 500 500 500 500 500 500 500 500 500 500 500 500 500 500 500 500 500 500 500 500 500 500 500 500 500 500 500 500 500 500 500 500 500 500 500 500 500 500 500 500 500 500 500 500 500 500 500 500 500 500 500 500 500 500 500 500 500 500 500 500 500 500 500 500 500 500 500 500 500 500 500 500 500 500 500 500 500 500 500 500 500 500 500 500 500 500 500 500 500 500 500 500 500 500 500 500 500 500 500 500 500 500 500 500 500 500 500 500 500 500 500 500 500 500 500 500 500 500 500 500 500 500 500 500 500 500 500 500 500 500 500 500 500 500 500 500 500 500 500 500 500 500 500 500 500 500 500 500 500 500 500 500 500 500 500 500 500 500 500 500 500 500 500 500 500 500 500 500 500 500 500 500 500 500 500 500 500 500 500 500 500 500 500 500 500 500 500 500 500 500 500 500 500 500 500 500 500 500 500 500 500 500 500 500 500 500 500 500 500 500 500 500 500 500 500 500 500 500 500 500 500 500 500 500 500 500 500 500 500 500 500 500 500 500 500 500 500 500 500 500 500 500 500 500 500 500 500 500 500 500 500 500 500 500 500 500 500 500 500 500 500 500 500 500 500 500 500 500 500 500 500 500 500 500 500 500 500 500 500 500 500 500 500 500 500 500 500 500 500 500 500 500 500 500 500 500 500 500 500 500 500 500 500 500 500 500 500 500 500 500 500 500 500 500 500 500 500 500 500 500 500 500 500 500 500 500 500 500 500 500 500 500 500 500 500 500 500 500 500 500 500 500 500 500 500 500 500 500 500 500 500 500 500 500 500 500 500 500 500 500 500 500 500 500 500 500 500 500 500 500 500 500 500 500 500 500 500 500 500 500 500 500 500 500 500 500 500 500 500 500 500 500 500 500 500 500 500 500 500 500 500 500 500 500 500 500 500 500 500 500 500 500 500 500 500 500 500 500 500 500 500 500 500 500 500 500 500 500
501
-500 -500 -500 -500 -500 -500 -500 -500 -500 -500 -500 -500 -500 -500 -500 -500 -500 -500 -500 -500 -500 -500 -500 -500 -500 -500 -500 -500 -500 -500 -500 -500 -500 -500 -500 -500 -500 -500 -500 -500 -500 -500 -500 -500 -500 -500 -500 -500 -500 -500 -500 -500 -500 -500 -500 -500 -500 -500 -500 -500 -500 -500 -500 -500 -500 -500 -500 -500 -500 -500 -500 -500 -500 -500 -500 -500 -500 -500 -500 -500 -500 -500 -500 -500 -500 -500 -500 -500 -500 -500 -500 -500 -500 -500 -500 -500 -500 -500 -500 -500 -500 -500 -500 -500 -500 -500 -500 -500 -500 -500 -500 -500 -500 -500 -500 -500 -500 -500 -500 -500 -500 -500 -500 -500 -500 -500 -500 -500 -500 -500 -500 -500 -500 -500 -500 -500 -500 -500 -500 -500 -500 -500 -500 -500 -500 -500 -500 -500 -500 -500 -500 -500 -500 -500 -500 -500 -500 -500 -500 -500 -500 -500 -500 -500 -500 -500 -500 -500 -500 -500 -500 -500 -500 -500 -500 -500 -500 -500 -500 -500 -500 -500 -500 -500 -500 -500 -500 -500 -500 -500 -500 -500 -500 -500 -500 -500 -500 -500 -500 -500 -500 -500 -500 -500 -500 -500 -500 -500 -500 -500 -500 -500 -500 -500 -500 -500 -500 -500 -500 -500 -500 -500 -500 -500 -500 -500 -500 -500 -500 -500 -500 -500 -500 -500 -500 -500 -500 -500 -500 -500 -500 -500 -500 -500 -500 -500 -500 -500 -500 -500 -500 -500 -500 -500 -500 -500 -500 -500 -500 -500 -500 -500 -500 -500 -500 -500 -500 -500 -500 -500 -500 -500 -500 -500 -500 -500 -500 -500 -500 -500 -500 -500 -500 -500 -500 -500 -500 -500 -500 -500 -500 -500 -500 -500 -500 -500 -500 -500 -500 -500 -500 -500 -500 -500 -500 -500 -500 -500 -500 -500 -500 -500 -500 -500 -500 -500 -500 -500 -500 -500 -500 -500 -500 -500 -500 -500 -500 -500 -500 -500 -500 -500 -500 -500 -500 -500 -500 -500 -500 -500 -500 -500 -500 -500 -500 -500 -500 -500 -500 -500 -500 -500 -500 -500 -500 -500 -500 -500 -500 -500 -500 -500 -500 -500 -500 -500 -500 -500 -500 -500 -500 -500 -500 -500 -500 -500 -500 -500 -500 -500 -500 -500 -500 -500 -500 -500 -500 -500 -500 -500 -500 -500 -500 -500 -500 -500 -500 -500 -500 -500 -500 -500 -500 -500 -500 -500 -500 -500 -500 -500 -500 -500 -500 -500 -500 -500 -500 -500 -500 -500 -500 -500 -500 -500 -500 -500 -500 -500 -500 -500 -500 -500 -500 -500 -500 -500 -500 -500 -500 -500 -500 -500 -500 -500 -500 -500 -500 -500 -500 -500 -500 -500 -500 -500 -500 -500 -500 -500 -500 -500 -500 -500 -500 -500 -500 -500 -500 -500 -500 -500 -500 -500 -500 -500 -500 -500 -500 -500 -500 -500 -500 -500 -500 -500 -500 -500 -500 -500 -500 -500 -500 -500 -500 -500 -500 -500 -500 -500 -500 -500
